áÁÜ¶âÂãÃäÄåÅÝ¸æÆçÇÞ¹ÈèéÉßºúÚÀûÛàü¼ý¾êÊëËìÌíÍîÎïÏðÐñÑóÓòôÔõÕöÖ÷×øØþ¿ùÙ
2 2
..äéÜ..
1 3
..ðïéüí..
1 4
..ðïéïý..
1 4
âæ
2 4 0 1 1
âè
2 4 0 1 1
âí
2 4 0 1 1
âî
2 4 0 1 1
âð
2 4 0 1 1
âó
2 4 0 1 1
âô
2 4 0 1 1
âö
2 3 0 1 1
â÷
2 4 0 1 1
âø
2 3 0 1 1
ãâ
2 4 0 1 1
ãæ
2 4 0 2 1
ãè
2 4 0 1 1
ãì
2 4 0 1 1
ñãì
3 4 0 5 1 2 2
ã÷
2 4 0 1 1
ãð
2 4 0 1 1
ãô
2 4 0 1 1
ãö
2 4 0 1 1
ãø
2 4 0 1 1
äâ
2 4 0 1 1
äã
2 4 0 1 1
äæ
2 4 0 1 1
äê
2 4 0 1 1
äë
2 4 0 1 1
äî
2 4 0 1 1
äð
2 4 0 1 1
äó
2 4 0 1 1
äô
2 4 0 1 1
ä÷
2 4 0 1 1
äø
2 4 0 1 1
æâ
2 4 0 1 1
æä
2 4 0 1 1
æè
2 4 0 1 1
æê
2 4 0 1 1
æë
2 4 0 1 1
æì
2 4 0 1 1
ôæì
1 2 2
æí
2 4 0 1 1
æî
2 4 0 1 1
æð
2 4 0 1 1
æñ
2 4 0 1 1
æó
2 4 0 1 1
æô
2 4 0 1 1
æö
2 4 0 1 1
æ÷
2 4 0 1 1
æø
2 4 0 1 1
èâ
2 4 0 1 1
èã
2 4 0 1 1
èä
2 4 0 1 1
èæ
2 4 0 1 1
êê
2 4 0 1 1
êð
2 4 0 1 1
ê÷
2 4 0 1 1
êø
2 4 0 1 1
ëâ
2 4 0 1 1
ëã
2 4 0 1 1
ëä
2 4 0 1 1
ëæ
2 4 0 1 1
ëè
2 4 0 1 1
ëê
2 4 0 1 1
ëì
2 4 0 1 1
ëí
2 4 0 1 1
ëî
2 4 0 1 1
ëð
2 4 0 1 1
ëñ
2 4 0 1 1
ëó
2 4 0 1 1
ëô
2 4 0 1 1
ëö
2 4 0 1 1
ë÷
2 4 0 1 1
ëø
2 4 0 1 1
ìâ
2 4 0 1 1
ìã
2 4 0 1 1
ìä
2 4 0 1 1
ìæ
2 4 0 1 1
ìè
2 4 0 1 1
ìê
2 4 0 1 1
ìë
2 4 0 1 1
ìö
2 4 0 1 1
ì÷
2 4 0 1 1
ìø
2 4 0 1 1
íâ
2 4 0 1 1
íã
2 4 0 1 1
íä
2 4 0 1 1
íæ
2 4 0 1 1
íè
2 4 0 1 1
íê
2 4 0 1 1
íë
2 4 0 1 1
íì
2 4 0 1 1
íî
2 4 0 1 1
íð
2 4 0 1 1
íñ
2 4 0 1 1
íó
2 4 0 1 1
íö
2 4 0 1 1
í÷
2 4 0 1 1
íø
2 4 0 1 1
îâ
2 4 0 1 1
îã
2 4 0 1 1
îä
2 4 0 1 1
îæ
2 4 0 1 1
îè
2 4 0 1 1
îê
2 4 0 1 1
îë
2 4 0 1 1
îì
2 4 0 1 1
îí
2 4 0 1 1
îð
2 4 0 1 1
îñ
2 4 0 1 1
îó
2 4 0 1 1
îô
2 4 0 1 1
ãîô
3 4 0 4 1 2 2
ñîô
3 4 0 4 1 2 2
îö
2 4 0 1 1
î÷
2 4 0 1 1
îø
2 4 0 1 1
ðâ
2 4 0 1 1
ðã
2 4 0 1 1
ðä
2 4 0 1 1
ðæ
2 4 0 1 1
ðè
2 4 0 1 1
ðê
2 4 0 1 1
ðì
2 4 0 1 1
ðî
2 4 0 1 1
ðó
2 4 0 1 1
ðö
2 4 0 1 1
ð÷
2 4 0 1 1
ðø
2 4 0 1 1
ñâ
2 4 0 1 1
ñã
2 4 0 1 1
ñä
2 4 0 1 1
ñæ
2 4 0 1 1
ñè
2 4 0 1 1
ñê
2 4 0 1 1
ñë
2 4 0 1 1
ñì
2 4 0 1 1
ñí
2 4 0 1 1
ñî
2 4 0 1 1
ñð
2 4 0 1 1
ñó
2 4 0 1 1
ñô
2 4 0 1 1
ñö
2 4 0 1 1
ñ÷
2 4 0 1 1
ñø
2 4 0 1 1
óä
2 4 0 1 1
óæ
2 4 0 1 1
óí
2 4 0 1 1
óî
2 4 0 1 1
óñ
2 4 0 1 1
óø
2 4 0 1 1
ôâ
2 4 0 1 1
ôã
2 4 0 1 1
ôä
2 4 0 1 1
ôè
2 4 0 1 1
ôê
2 4 0 1 1
ôí
2 4 0 1 1
ôî
2 4 0 1 1
ôð
2 4 0 1 1
ôö
2 4 0 1 1
óôö
1 2 2
ô÷
2 4 0 1 1
ôø
2 4 0 1 1
öâ
2 4 0 1 1
öã
2 4 0 1 1
öä
2 4 0 1 1
öæ
2 4 0 1 1
öì
2 4 0 1 1
öí
2 4 0 1 1
öî
2 4 0 1 1
öð
2 4 0 1 1
öó
2 4 0 1 1
ö÷
2 4 0 1 1
öø
2 4 0 1 1
øâ
2 4 0 1 1
øã
2 4 0 1 1
øä
2 4 0 1 1
øæ
2 4 0 1 1
øè
2 4 0 1 1
øê
2 4 0 1 1
øë
2 4 0 1 1
øì
2 4 0 1 1
øí
2 4 0 1 1
øî
2 4 0 1 1
øð
2 4 0 1 1
øñ
2 4 0 1 1
øó
2 4 0 1 1
øô
2 4 0 1 1
øö
2 4 0 1 1
ø÷
2 4 0 1 1
á
1 1 1
å
1 1 1
ç
1 1 1
é
1 1 1
ï
1 1 1
õ
1 1 1
ù
1 1 1
þ
1 1 1
áé
1 2 1
áß
1 2 1
áõ
1 2 1
áý
1 2 1
Üõ
1 3 1
åé
1 2 1
åß
1 2 1
åõ
1 2 1
åý
1 2 1
Ýõ
1 3 1
çõ
1 2 1
Þõ
1 3 1
ïé
1 2 1
ïß
1 2 1
ïõ
1 2 1
ïý
1 2 1
üõ
1 3 1
õé
1 2 1
õß
1 2 1
ýé
1 3 1
áç
1 2 1
Üç
1 3 1
áú
1 2 1
áû
1 2 1
åú
1 2 1
üåé
1 2 1
ïç
1 2 1
üç
1 3 1
ïú
1 2 1
üé
1 3 1
éá
1 2 1
éÜ
1 2 1
éå
1 2 1
éÝ
1 2 1
éï
1 2 1
éü
1 2 1
â.
1 4 0
ã.
1 4 0
ãê.
1 4 0
ä.
1 4 0
æ.
1 4 0
è.
1 4 0
ê.
1 4 0
ë.
1 4 0
ì.
1 4 0
ìð.
1 4 0
í.
1 4 0
íô.
1 4 0
î.
1 4 0
ð.
1 4 0
ñ.
1 4 0
ó.
1 4 0
ô.
1 4 0
ôæ.
1 4 0
ôó.
1 4 0
ö.
1 4 0
÷.
1 4 0
ø.
1 4 0
'
1 4 0
â'
1 4 0
ãê'
1 4 0
æ'
1 4 0
ë'
1 4 0
ì'
1 4 0
ìð'
1 4 0
í'
1 4 0
íô'
1 4 0
î'
1 4 0
ð'
1 4 0
ñ'
1 4 0
ó'
1 4 0
ô'
1 4 0
ôæ'
1 4 0
ôó'
1 4 0
ö'
1 4 0
÷'
1 4 0
ø'
1 4 0
.â
1 4 2
.ã
1 4 2
.ä
1 4 2
.æ
1 4 2
.è
1 4 2
.ê
1 4 2
.ë
1 4 2
.ì
1 4 2
.í
1 4 2
.î
1 4 2
.ð
1 4 2
.ñ
1 4 2
.ó
1 4 2
.ô
1 4 2
.ö
1 4 2
.÷
1 4 2
.ø
1 4 2
ââ
2 4 0 1 1
ãã
2 4 0 1 1
ææ
2 4 0 1 1
èè
2 4 0 1 1
ëë
2 4 0 1 1
ìì
2 4 0 1 1
íí
2 4 0 1 1
ðð
2 4 0 1 1
ññ
2 4 0 1 1
óó
2 4 0 1 1
ôô
2 4 0 1 1
ôöö
1 1 2
÷÷
2 4 0 1 1
øø
2 3 0 1 1
ãêö
3 4 0 5 1 2 2
ãêô
2 4 0 1 1
ìðô
2 4 0 1 1
íôæ
2 4 0 1 1
íôó
2 4 0 1 1
âñ.
1 4 0
ãë.
1 4 0
êô.
1 4 0
ãêó.
1 4 0
êó.
1 4 0
ëó.
1 4 0
ìðë.
1 4 0
ìðí.
1 4 0
ìðñ.
1 4 0
ìó.
1 4 0
íó.
1 4 0
ñó.
1 4 0
óê.
1 4 0
óô.
1 4 0
ôë.
1 4 0
ôñ.
1 4 0
