аАбБвВгГдДеЕжЖзЗиИйЙкКлЛмМнНоОпПрРсСтТуУфФхХцЦчЧшШщЩъЪыЫьЬэЭюЮяЯёЁ
2 2
..если..
1 3
..коноплю..
2 3 5
..надвое..
1 3
..наискосок..
3 3 5 7
..наискось..
2 3 5
..полвторого..
3 4 7 9
..полтораста..
3 4 6 8
..премного..
2 4 7
..разок..
1 3
..разом..
1 3
.ави
1 2 4
.адр
1 1 3
.ади
1 2 4
.аи
1 2 3
.акв
1 1 3
.акр
1 1 3
.аль
1 5 4
.асп
1 1 3
.ау
1 2 3
.ашх
1 1 3
.аэ
1 2 3
.беза
3 2 3 1 4 2 5
.безу
3 2 3 1 4 2 5
.безо
3 2 3 3 4 2 5
.бест
2 2 3 1 4
.безна
1 1 4
.безр
1 1 4
.библ
2 2 3 1 4
.буг
1 1 3
.взъ
1 2 4
.вов
2 1 3 2 4
.вопл
2 2 3 1 4
.востор
2 2 3 3 4
.воск
1 2 3
.вопло
2 3 3 2 4
.возна
1 1 4
.всп
1 6 3
.въ
1 2 3
.выпле
1 2 4
.высп
1 2 4
.госк
1 1 4
.двое
1 2 4
.дези
1 2 3
.диа
1 2 3
.дисто
1 2 3
.досм
1 1 3
.завра
2 3 3 2 4
.запн
2 3 3 2 4
.зас
1 2 4
.зау
1 2 4
.заш
1 2 4
.звуко
1 3 6
.зоо
2 2 3 3 4
.игл
1 1 3
.игр
1 1 3
.ие
1 2 3
.изн
1 1 3
.изр
1 1 3
.изобл
1 2 4
.ии
1 2 3
.ио
1 2 3
.исти
1 1 3
.исто
1 1 3
.истр
1 5 3
.иу
1 2 3
.ию
1 2 3
.контрн
1 2 4
.лем
1 1 3
.ль
1 2 3
.меж
2 2 3 3 4
.межам
2 3 3 4 4
.межах
2 3 3 4 4
.меже
2 3 3 4 4
.межио
2 6 3 2 5
.могл
2 2 3 1 4
.начн
2 1 3 2 4
.нашко
2 1 3 2 4
.наи
1 2 3
.нав
2 5 3 6 4
.нев
1 1 3
.нез
2 1 3 2 4
.нех
1 1 3
.неотр
2 3 3 2 4
.нел
1 5 3
.неа
1 2 4
.небезо
3 2 5 1 6 2 7
.немно
1 2 4
.ниск
2 1 3 2 4
.носк
1 5 4
.оа
1 2 3
.обла
1 1 3
.обле
1 1 3
.обло
1 1 3
.облу
1 1 3
.обре
1 1 3
.обру
1 1 3
.обост
2 3 3 2 4
.облив
1 5 3
.облит
1 5 3
.обезо
3 2 4 1 5 2 6
.обест
2 2 4 1 5
.оболь
1 1 4
.огн
1 5 3
.оз
1 2 3
.оспин
1 1 3
.оспар
1 2 3
.отр
1 1 3
.отхл
1 1 3
.отв
1 3 3
.отом
2 1 4 2 5
.пов
2 1 3 2 4
.пож
2 1 3 2 4
.подыг
1 2 3
.подым
1 2 3
.подын
1 2 3
.подыс
2 2 3 1 6
.подыт
1 2 3
.подыщ
1 2 3
.постин
2 2 3 1 5
.подыми
1 3 3
.подво
1 1 4
.прел
1 1 4
.прежд
2 2 4 1 5
.пригн
2 1 4 2 5
.примн
2 1 4 2 5
.прикн
2 3 4 2 5
.приск
1 2 5
.просну
1 1 4
.просл
1 3 4
.прос
1 2 5
.разо
1 2 3
.раста
2 2 3 1 4
.расте
2 2 3 1 4
.растек
2 2 3 1 4
.растеч
2 2 3 1 4
.расти
2 2 3 1 4
.регио
1 6 5
.рох
2 2 3 1 4
.секст
2 1 4 2 5
.септ
1 5 4
.сопл
1 1 4
.текс
1 1 4
.топл
1 1 4
.транс
2 2 5 1 6
.трех
1 1 5
.ть
1 2 3
.угле
1 1 3
.угло
1 1 3
.удл
1 2 3
.удр
1 2 3
.уе
1 2 3
.ук
1 2 3
.урв
1 6 3
.ую
1 2 3
.физо
1 2 3
.химч
1 1 4
.хла
1 2 4
.чае
1 2 3
.честв
2 2 3 1 5
.черст
2 2 4 1 6
.четырех
1 1 8
.эо
1 2 3
.эя
1 2 3
.юа
1 2 3
.яи
1 2 3
адм
1 1 0
апп
1 1 0
атак
1 1 0
благо
2 1 0 2 1
бв
1 1 0
бе
1 1 0
бл
1 1 0
бри
1 1 0
бу
1 1 0
бю
1 1 0
бя
1 1 0
внук
2 1 0 2 1
внуч
2 1 0 2 1
всп
2 1 0 2 1
всх
2 1 0 2 1
всю
2 1 0 2 1
вшив
2 1 0 2 1
ваг
1 1 0
вак
1 1 0
вег
1 1 0
велл
1 1 0
вер.
1 1 0
вз
2 1 0 2 2
вих
1 1 0
вич
1 1 0
вл
1 1 0
вок
1 1 0
воя
1 1 0
вп
1 1 0
вр
2 1 0 2 2
вуд
1 1 0
вы
1 1 0
вю
1 1 0
га
1 1 0
гор
1 1 0
гр
1 1 0
дворь
2 1 0 2 1
длев
2 1 0 2 1
дневк
2 1 0 2 1
дневок
2 1 0 2 1
драж
2 1 0 2 1
дразн
2 1 0 2 1
движ
1 1 0
двиз
1 1 0
дж
1 1 0
дзе.
1 1 0
дневн
1 1 0
дняш
1 1 0
дов
1 1 0
дот
1 1 0
доч
1 1 0
дресс
1 1 0
дрогн
3 1 0 2 3 1 4
дроб
1 1 0
дром
1 1 0
дун
1 1 0
дье
1 1 0
дья
1 1 0
жг
1 1 0
жд
1 1 0
жму
1 1 0
зву
1 1 0
зол
1 1 0
зри
1 1 0
зу
1 1 0
кав
1 1 0
кае
1 1 0
кап
1 1 0
кат
1 1 0
каю
1 1 0
кив
1 1 0
кл
1 1 0
ковы
1 1 0
комп
1 1 0
кон
1 1 0
коо
1 1 0
кос
1 1 0
кош
1 1 0
кр
1 1 0
лапь
2 1 0 2 2
ланд
1 1 0
леде
1 1 0
липт
3 1 0 2 2 1 3
льо
1 1 0
лью
1 1 0
лют.
1 1 0
множ
2 1 0 2 1
маг
1 1 0
мед
1 1 0
мей
1 1 0
мен.
1 1 0
мкн
1 1 0
мон
1 1 0
мще
1 1 0
мы.
1 1 0
на.
1 1 0
наг
2 1 0 1 2
нас
3 1 0 1 2 2 3
над
1 1 0
ниц
1 1 0
но.
1 1 0
ной
1 1 0
ном
1 1 0
нох
1 1 0
ною.
1 1 0
нрав
1 1 0
ньо
1 1 0
нью
1 1 0
ня
1 1 0
облач
3 1 0 2 1 1 2
обиж
2 1 0 2 1
обоз
2 1 0 2 1
обес
1 1 0
объ
1 1 0
окт
1 1 0
отд
1 1 0
отп
1 1 0
пленк
2 1 0 2 1
пленок
2 1 0 2 1
пленоч
2 1 0 2 1
плет
2 1 0 2 1
псалм
2 1 0 2 1
пе.
1 1 0
пенз
1 1 0
печ
1 1 0
пис
1 1 0
плав
1 1 0
плаз
1 1 0
плеск
3 1 0 2 3 1 4
плик
1 1 0
плоск
2 1 0 1 4
плы
1 1 0
по
1 1 0
пр
1 1 0
птих
1 1 0
пу.
1 1 0
пя
1 1 0
рви.
2 1 0 2 1
рвите.
2 1 0 2 1
раб
1 1 0
ралг
1 1 0
реги
1 1 0
реза
1 1 0
рекла
1 1 0
рисо
1 1 0
росш
1 1 0
рыб
1 1 0
скаф
2 1 0 2 1
склон
2 1 0 2 1
скрест
3 1 0 2 1 1 4
скреб
2 1 0 2 1
спаль
2 1 0 2 1
спосаб
2 1 0 2 1
створч
2 1 0 4 1
са
1 1 0
св
1 1 0
се
1 1 0
сж
1 1 0
си
1 1 0
скоп
1 1 0
сл
1 1 0
со
1 1 0
сплю.
2 1 0 2 2
ср
1 1 0
сто
1 1 0
стров
1 1 0
су
1 1 0
сфе
1 1 0
схе
1 1 0
счас
1 1 0
счит
1 1 0
съ
2 1 0 2 2
сы
1 1 0
ся
1 1 0
ткан
2 1 0 2 1
трезв
4 1 0 2 1 2 3 1 4
тряс
2 1 0 2 1
трях
2 1 0 2 1
тверд
2 1 0 4 1
твор
2 1 0 4 1
такт
1 1 0
тека
1 1 0
текш
1 1 0
терл
1 1 0
тече
1 1 0
ткн
1 1 0
тле
1 1 0
толк
1 1 0
торс
1 1 0
торц
1 1 0
точн
1 1 0
тощ
1 1 0
треск
3 1 0 2 3 1 4
треб
1 1 0
триб
1 1 0
труб
1 1 0
тяну
1 1 0
узл
1 1 0
фтор
2 1 0 2 1
фа
1 1 0
фи
1 1 0
фл
1 1 0
фо
1 1 0
фр
2 1 0 6 2
фтонг
1 1 0
фы
1 1 0
хлын
2 1 0 2 1
хв
1 1 0
хи
1 1 0
хлеб
1 1 0
хлор
1 1 0
хр
1 1 0
ху.
1 1 0
цам
1 1 0
цах.
1 1 0
цв
1 1 0
це
1 1 0
ци
1 1 0
цо
1 1 0
цу.
1 1 0
цы
1 1 0
чел
1 1 0
чив
1 1 0
чик
1 1 0
чла
1 1 0
чле
1 1 0
чо
1 1 0
чт
1 1 0
чх
1 1 0
шв
2 1 0 2 1
школ
2 1 0 2 1
шмыгн
4 1 0 2 1 2 3 1 4
шибл
3 1 0 2 2 1 3
шпе
1 1 0
шпил
1 1 0
ште
1 1 0
шту
1 1 0
шю
1 1 0
щи
1 1 0
эк
2 1 0 2 1
ама
2 2 0 1 1
ао
2 2 0 3 1
бд
2 2 0 1 1
блен
2 2 0 1 1
бля
2 2 0 1 1
бн
2 2 0 1 1
бт
2 2 0 1 1
бц
2 2 0 1 1
бш
2 2 0 1 1
бк
2 2 0 5 1
блас
1 2 0
бль
1 2 0
бр.
1 2 0
брь
1 2 0
влаб
2 2 0 1 1
влен
2 2 0 1 1
вли
2 2 0 1 1
влю
2 2 0 1 1
вляе
2 2 0 1 1
влял
2 2 0 1 1
вляю
2 2 0 1 1
вми
2 2 0 1 1
вре.
2 2 0 1 1
вро
2 2 0 1 1
вры.
2 2 0 1 1
втерп
2 2 0 1 1
вль
1 2 0
вр.
1 2 0
гб
2 2 0 1 1
гк
2 2 0 1 1
гм
2 2 0 1 1
гп
2 2 0 1 1
гс
2 2 0 1 1
гш
2 2 0 1 1
гт
2 2 0 5 1
гроп
1 2 0
динсти
2 2 0 1 1
дк
2 2 0 1 1
дм
2 2 0 1 1
дро.
2 2 0 1 1
дс
2 2 0 1 1
дф
2 2 0 1 1
дш
3 2 0 3 1 2 2
джс
1 2 0
дны
1 2 0
доблач
1 2 0
докт
1 2 0
дрс
1 2 0
дьте.
2 2 0 3 2
еко
2 2 0 1 1
ео
2 2 0 1 1
енр
1 2 0
жк
2 2 0 1 1
жц
2 2 0 1 1
жаве
1 2 0
жавл
1 2 0
ждл
1 2 0
ждь
1 2 0
зб
2 2 0 1 1
зда
2 2 0 1 1
зинт
2 2 0 1 1
зинф
2 2 0 1 1
зк
2 2 0 1 1
зс
2 2 0 1 1
здн
1 2 0
зна.
1 2 0
зны
1 2 0
ивы
2 2 0 1 1
имене
1 2 0
кб
2 2 0 1 1
кг
2 2 0 1 1
кк
2 2 0 1 1
кла.
2 2 0 1 1
клак
2 2 0 1 1
кли.
2 2 0 1 1
кло.
2 2 0 1 1
км
2 2 0 1 1
кт
2 2 0 1 1
кц
2 2 0 1 1
кш
2 2 0 1 1
казк
1 2 0
кл.
1 2 0
кль
1 2 0
кн
1 2 0
кс
1 2 0
лн
2 2 0 1 1
лорг
2 2 0 1 1
мв
3 2 0 1 1 2 2
мизд
2 2 0 1 1
мл
2 2 0 1 1
мш
2 2 0 1 1
нс
2 2 0 1 1
нц
2 2 0 1 1
нш
2 2 0 1 1
нбе
1 2 0
невн
1 2 0
нотд
1 2 0
няш
1 2 0
оа
3 2 0 1 1 2 2
ог
2 2 0 1 1
оза
2 2 0 1 1
ои
2 2 0 1 1
оры
2 2 0 1 1
осо
2 2 0 1 1
оте
2 2 0 1 1
отр
2 2 0 1 1
оу
3 2 0 1 1 2 2
охи
2 2 0 1 1
оэ
2 2 0 1 1
охро
2 2 0 5 1
ов
1 2 0
ол
1 2 0
ом
1 2 0
опир
1 2 0
остал
1 2 0
осф
1 2 0
оф
1 2 0
пк
2 2 0 1 1
плю.
2 2 0 1 1
плюсь.
2 2 0 1 1
пм
2 2 0 1 1
пн
2 2 0 1 1
пп
2 2 0 1 1
псис
2 2 0 1 1
пст
2 2 0 1 1
птом
2 2 0 1 1
пф
2 2 0 1 1
пц
2 2 0 1 1
пч
2 2 0 1 1
пш
2 2 0 1 1
пту
2 2 0 3 1
пс.
1 2 0
псе
1 2 0
псо
1 2 0
псу
1 2 0
псы
1 2 0
рорг
2 2 0 1 1
рукс
2 2 0 1 1
рисп
1 2 0
слиру
2 2 0 1 1
слок
2 2 0 1 1
слоц
2 2 0 1 1
сму
2 2 0 1 1
сбу
1 2 0
ск.
1 2 0
скн
1 2 0
сль
1 2 0
смен.
1 2 0
сны
1 2 0
сск
1 2 0
ств.
1 2 0
стерл
1 2 0
стк
1 2 0
стн
1 2 0
сть.
1 2 0
сфор
1 2 0
сэ
2 2 0 2 2
сяз
1 2 0
твей
2 2 0 1 1
тг
2 2 0 1 1
тинф
2 2 0 1 1
тм
2 2 0 1 1
тн
2 2 0 1 1
тп
2 2 0 1 1
тс
2 2 0 1 1
тф
2 2 0 1 1
тц
2 2 0 1 1
тщ
2 2 0 1 1
тэ
2 2 0 1 1
тамп
1 2 0
томщ
1 2 0
тонг
1 2 0
тр.
1 2 0
трабо
1 2 0
трб
1 2 0
трг
1 2 0
трд
1 2 0
трм
1 2 0
трп
1 2 0
трр
1 2 0
трф
1 2 0
туч
1 2 0
ть.
1 2 0
фв
2 2 0 1 1
флен
2 2 0 1 1
фн
2 2 0 1 1
форг
2 2 0 1 1
фс
2 2 0 1 1
хве
2 2 0 1 1
хг
2 2 0 1 1
хс
2 2 0 1 1
хуг
3 2 0 1 1 2 2
цг
2 2 0 1 1
цз
2 2 0 1 1
цк
2 2 0 1 1
цл
2 2 0 1 1
цм
2 2 0 1 1
цод
3 2 0 1 1 2 2
цот
2 2 0 1 1
цп
2 2 0 1 1
цс
2 2 0 1 1
цт
2 2 0 1 1
чм
2 2 0 1 1
чтм
1 2 0
шф
2 2 0 1 1
щн
2 2 0 1 1
юм
1 2 0
юю.
1 2 0
юя.
1 2 0
яю.
1 2 0
яя.
1 2 0
влия
2 3 0 2 1
европ
1 3 0
звуч
2 3 0 2 1
зис
1 3 0
имено
2 3 0 2 1
имену
2 3 0 2 1
книж
2 3 0 6 1
ная
1 3 0
ник
1 3 0
ную
1 3 0
ны
1 3 0
отряд
3 3 0 2 1 1 2
псих
2 3 0 2 1
план
1 3 0
слав
2 3 0 2 1
слов
2 3 0 2 1
служ
2 3 0 2 1
спосо
2 3 0 2 1
хор
1 3 0
чмок
2 3 0 2 1
чий
1 3 0
био
2 5 0 2 2
бот
1 5 0
боц
1 5 0
вая
1 5 0
вуа
1 5 0
двину
1 5 0
деб
1 5 0
до.
1 5 0
дью
1 5 0
жев
1 5 0
зо.
1 5 0
зью
1 5 0
инж
1 5 0
инсп
1 5 0
кто.
2 5 0 6 1
коа
1 5 0
коры
1 5 0
лжеш
2 5 0 6 1
лиг
1 5 0
лицо
1 5 0
личи
1 5 0
мий
1 5 0
минг
1 5 0
моти
1 5 0
нап
1 5 0
нац
1 5 0
ниб
1 5 0
откр
1 5 0
посы
1 5 0
прое
2 5 0 6 4
снаб
2 5 0 2 1
скоя
1 5 0
смес
1 5 0
смы
1 5 0
сты
1 5 0
течь
1 5 0
тиге
1 5 0
тиз.
1 5 0
туды
1 5 0
тушев
1 5 0
хоз
1 5 0
хом
1 5 0
хоу
1 5 0
ца.
1 5 0
чан
1 5 0
шло
1 5 0
штр
1 5 0
бб
2 6 0 1 1
бг
2 6 0 1 1
бм
2 6 0 1 1
бс
3 6 0 1 1 2 2
бщ
2 6 0 1 1
бл.
1 6 0
бь.
1 6 0
врац
2 6 0 5 1
вн.
1 6 0
вск
1 6 0
вь.
1 6 0
глай
2 6 0 5 1
гл.
1 6 0
гн.
1 6 0
гр.
1 6 0
грек
1 6 0
дб
2 6 0 1 1
дроз
2 6 0 5 1
дж.
1 6 0
дз.
1 6 0
дн.
1 6 0
дотд
1 6 0
др.
1 6 0
дт.
1 6 0
дь.
1 6 0
евол
1 6 0
евыд
1 6 0
жд.
1 6 0
зж
2 6 0 1 1
зм
2 6 0 1 1
зру
2 6 0 1 1
зная
1 6 0
зь.
1 6 0
ип
1 6 0
й
2 6 0 1 1
кф
2 6 0 1 1
кв.
1 6 0
кеа
1 6 0
кр.
1 6 0
лс
3 6 0 1 1 2 2
ль.
1 6 0
льш
1 6 0
мб
2 6 0 1 1
мм
2 6 0 1 1
мп
2 6 0 1 1
мт
2 6 0 1 1
мче
2 6 0 1 1
мс.
1 6 0
мь.
1 6 0
нр.
1 6 0
нь.
1 6 0
оба
2 6 0 5 1
одар
1 6 0
окл
1 6 0
окол
1 6 0
охор
1 6 0
пл.
1 6 0
пль.
1 6 0
пр.
1 6 0
прь.
1 6 0
пт.
1 6 0
пь.
1 6 0
сз
2 6 0 1 1
счу
2 6 0 5 1
скон
1 6 0
сл.
1 6 0
слям
1 6 0
ср.
1 6 0
сс.
1 6 0
сст
1 6 0
ст.
1 6 0
стр.
1 6 0
студы
1 6 0
стьд
1 6 0
стьс
1 6 0
сь.
1 6 0
тб
2 6 0 1 1
тред
2 6 0 1 1
тт
2 6 0 1 1
твь.
1 6 0
тинж
1 6 0
тл.
1 6 0
томс
1 6 0
трв
1 6 0
труп
1 6 0
тч.
1 6 0
тш.
1 6 0
фр.
1 6 0
фь.
1 6 0
хч
2 6 0 1 1
хви
2 6 0 5 1
хв.
1 6 0
хрь.
1 6 0
хуем.
1 6 0
хуй.
1 6 0
хую.
1 6 0
хуя.
1 6 0
ценни
1 6 0
чк
2 6 0 1 1
члег
2 6 0 5 1
члеж
2 6 0 5 1
чт.
1 6 0
чь.
1 6 0
шб
2 6 0 1 1
шв.
1 6 0
шл.
1 6 0
шь.
1 6 0
щь.
1 6 0
ъ
2 6 0 1 1
аа
1 1 1
аба
1 1 1
абе
1 1 1
аби
1 1 1
або
1 1 1
абр
1 1 1
абу
1 1 1
абх
1 1 1
абы
1 1 1
абье
1 1 1
абьи
1 1 1
абью
1 1 1
абья
1 1 1
абя
1 1 1
ава
1 1 1
аво
1 1 1
аву
1 1 1
авы
1 1 1
авье
1 1 1
авьи
1 1 1
авью
1 1 1
авья
1 1 1
авэ
1 1 1
авю
1 1 1
авя
1 1 1
ага
1 1 1
аге
1 1 1
аги
1 1 1
агл
1 1 1
аго
1 1 1
ада
1 1 1
адвор
1 1 1
аде
1 1 1
ади
1 1 1
адо
1 1 1
адра
1 1 1
аду
1 1 1
адцат
1 1 1
ады
1 1 1
адьи
1 1 1
адью
1 1 1
адю
1 1 1
адя
1 1 1
ае
1 1 1
ажа
1 1 1
аже
1 1 1
ажж
1 1 1
ажи
1 1 1
ажм
1 1 1
ажо
1 1 1
ажу
1 1 1
ажье
1 1 1
ажьи
1 1 1
ажью
1 1 1
ажья
1 1 1
аза
1 1 1
азе
1 1 1
ази
1 1 1
азо
1 1 1
азы
1 1 1
азье
1 1 1
азью
1 1 1
азья
1 1 1
азю
1 1 1
азя
1 1 1
аи
1 1 1
ака
1 1 1
аке
1 1 1
аки
1 1 1
ако
1 1 1
аку
1 1 1
акы
1 1 1
ала
1 1 1
але
1 1 1
ало
1 1 1
алу
1 1 1
алы
1 1 1
алье
1 1 1
альи
1 1 1
алья
1 1 1
алю
1 1 1
аля
1 1 1
аме
1 1 1
ами
1 1 1
амо
1 1 1
аму
1 1 1
амы
1 1 1
амье
1 1 1
амьи
1 1 1
амью
1 1 1
амья
1 1 1
амя
1 1 1
ана
1 1 1
ане
1 1 1
ани
1 1 1
ано
1 1 1
ану
1 1 1
аны
1 1 1
анье
1 1 1
аньи
1 1 1
анью
1 1 1
анья
1 1 1
аню
1 1 1
аня
1 1 1
ап
1 1 1
ара
2 1 1 6 2
аре
1 1 1
ари
1 1 1
аро
1 1 1
ару
1 1 1
ары
1 1 1
арье
1 1 1
арьи
1 1 1
арью
1 1 1
арья
1 1 1
арю
1 1 1
аря
1 1 1
асше
2 1 1 2 2
аса
1 1 1
асе
1 1 1
аси
1 1 1
асо
1 1 1
аста
1 1 1
асте
1 1 1
асти
1 1 1
асту
1 1 1
асты
1 1 1
астье
1 1 1
астью
1 1 1
астья
1 1 1
астю
1 1 1
астя
1 1 1
асу
1 1 1
асы
1 1 1
асье
1 1 1
асьи
1 1 1
асью
1 1 1
асья
1 1 1
асю
1 1 1
ата
1 1 1
ате
1 1 1
ати
1 1 1
ато
1 1 1
атр
1 1 1
ату
1 1 1
аты
1 1 1
атье
1 1 1
атьи
1 1 1
атью
1 1 1
атья
1 1 1
атю
1 1 1
атя
1 1 1
ау
1 1 1
афа
1 1 1
афе
1 1 1
афи
1 1 1
афо
1 1 1
афу
1 1 1
афья
1 1 1
афя
1 1 1
аха
1 1 1
ахе
1 1 1
ахи
1 1 1
ахо
1 1 1
аху
1 1 1
аца
1 1 1
аце
1 1 1
аци
1 1 1
ацо
1 1 1
ацу
1 1 1
ачне
2 1 1 2 2
ача
1 1 1
аче
1 1 1
ачи
1 1 1
ачу
1 1 1
ачье
1 1 1
ачьи
1 1 1
ачью
1 1 1
ачья
1 1 1
аша
1 1 1
аше
1 1 1
аши
1 1 1
ашо
1 1 1
ашу
1 1 1
ашье
1 1 1
ашьи
1 1 1
ашью
1 1 1
ашья
1 1 1
ащ
1 1 1
аэ
2 1 1 1 2
аю
1 1 1
ая
1 1 1
авля
2 2 1 1 2
авп
2 2 1 1 2
авра
2 2 1 1 2
авот
1 2 1
адын
1 2 1
азри
1 2 1
аноб
2 2 1 1 2
ануз
2 2 1 5 2
апс
2 2 1 1 2
апт
2 2 1 1 2
астир
2 2 1 1 2
аскоп
1 2 1
ауле
1 2 1
аум
1 2 1
аун
1 2 1
аус
1 2 1
ауэ
1 2 1
ашлы
2 2 1 1 2
аэр
1 2 1
агу
1 3 1
аигр
3 3 1 2 2 1 3
аве
1 5 1
ави
1 5 1
адви
1 5 1
азу
2 5 1 6 2
али
1 5 1
астры
1 5 1
анинс
1 6 1
атомн
1 6 1
аап
2 2 2 1 3
агва
1 1 2
агд
1 1 2
агас
2 5 3 6 4
адаген
2 1 2 2 3
адруга
1 1 2
адрез
1 5 2
адио
1 2 3
адь
1 2 3
аеди
1 2 2
азве
1 1 2
азви
1 1 2
азво
1 1 2
азр
1 1 2
аиз
2 6 2 5 3
айма
1 2 3
акн
1 1 2
акс
1 1 2
акопл
1 5 4
альд
1 1 3
амно
1 1 2
амч
1 1 2
анр
1 1 2
анкро
1 2 2
анскр
1 2 2
ансп
1 2 2
ансур
1 2 2
ансц
1 2 2
анасн
2 2 3 3 4
ансу
1 1 3
аост
1 2 2
аок
1 6 2
апрел
1 1 2
артор
2 2 2 1 3
артр
1 2 3
аск
1 1 2
аспу
1 1 2
асх
1 1 2
асч
1 1 2
аспо
1 3 2
аслет
1 5 2
аслям
1 5 2
аслях
1 5 2
асми
1 5 2
ассме
1 2 3
ассп
1 6 3
аству
1 1 3
астап
2 2 4 1 5
атл
1 1 2
атви
1 5 2
атхл
1 1 3
аучи
1 2 2
аутр
1 1 3
ауэр
1 1 3
афри
1 1 2
ачт
1 1 2
ашлив
1 1 2
ашта
1 1 2
аяз
1 2 2
бва
1 1 1
бво
1 1 1
бвя
1 1 1
бж
1 1 1
бз
2 1 1 6 2
блав
1 1 1
блег
1 1 1
блож
1 1 1
блом
1 1 1
браст
1 1 1
брыв
1 1 1
бф
1 1 1
бх
1 1 1
бч
1 1 1
близа
1 5 1
басм
1 1 3
бедр
2 2 2 1 3
безус
3 2 2 1 3 4 4
безы
1 2 2
беск
2 2 2 1 3
беста
1 2 2
бегл
1 1 3
бегн
1 1 3
безд
2 1 3 2 4
безв
1 5 3
безызв
2 2 4 1 5
бесх
1 1 3
бесч
1 1 3
бесп
1 3 3
бесс
1 2 4
бистр
1 5 2
биос
1 5 3
бискв
2 2 3 1 4
блисп
1 1 2
блеск
2 2 3 1 4
бодр
2 1 2 6 3
божж
1 1 2
боз
1 1 2
борв
1 1 2
бос
1 1 2
боес
1 2 2
бомч
1 2 2
босс
1 2 2
бомле
2 3 2 2 3
бозл
1 2 3
брасл
1 6 3
бст
1 6 3
бугл
1 1 3
вб
1 1 1
вв
1 1 1
вг
1 1 1
вд
1 1 1
вк
1 1 1
влаг
1 1 1
вма
1 1 1
вмо
1 1 1
вн
1 1 1
вс
2 1 1 2 2
вт
1 1 1
вф
1 1 1
вх
1 1 1
вц
1 1 1
вч
1 1 1
вш
1 1 1
вщ
1 1 1
внуш
1 2 1
вхож
1 2 1
вчер
1 2 1
врас
1 5 1
вби
1 6 1
вкус
1 6 1
всег
1 6 1
вход
1 6 1
вад
1 1 2
вадл
1 2 2
вадн
1 2 2
ванс
2 5 3 6 4
вах
1 1 3
вдос
1 1 3
ведр
2 2 2 1 3
веск
2 2 2 1 3
веств
2 2 2 1 4
вездо
1 1 3
вертля
1 1 4
ветв
2 3 3 2 4
ветвл
2 4 3 3 4
взр
1 6 2
взыс
1 5 4
виам
1 2 2
вибр
2 2 2 1 3
визн
1 2 2
виаф
1 5 2
виол
1 5 2
виас
1 1 3
вкн
1 1 2
водво
1 1 2
воп
1 1 2
вожж
2 2 2 3 3
воспе
2 2 2 1 3
восток
2 2 2 3 3
восточ
2 2 2 3 3
востр
1 2 2
воздан
2 3 2 2 3
возв
1 1 3
воис
1 2 3
воск
1 1 3
впол
1 6 3
вражд
2 2 3 5 4
врот
1 5 3
вток
2 3 3 2 4
вуз
1 1 2
вуст
1 1 2
вуг
1 5 2
вчет
2 6 3 5 4
выск
1 1 2
высп
1 1 2
вытв
1 1 2
вых
1 1 2
выш
1 1 2
вып
1 5 2
выпук
2 2 4 1 5
гг
1 1 1
гз
1 1 1
гляе
1 1 1
глят
1 1 1
гляю
1 1 1
гч
1 1 1
гнив
1 2 1
гном
1 2 1
граб
1 2 1
гаст
1 1 2
гау
1 2 2
геод
1 2 2
геоп
1 2 2
геос
1 2 2
геоц
1 2 2
геоб
1 6 2
гис
1 1 2
гибл
2 2 2 1 3
гидр
2 2 2 1 3
гков
1 1 3
гоз
1 1 2
гоп
1 1 2
гозл
1 2 2
госа
2 2 2 1 3
госб
1 2 2
госс
1 3 3
гривк
1 1 4
громч
2 2 3 1 4
гсшиб
1 2 2
два
1 1 1
две
1 1 1
двид
1 1 1
двис
1 1 1
двод
1 1 1
дг
2 1 1 2 2
дд
1 1 1
дза
1 1 1
дзв
1 1 1
дзо
1 1 1
дл
1 1 1
дн
1 1 1
дп
1 1 1
драс
1 1 1
дреж
1 1 1
друб
1 1 1
дрыв
1 1 1
дряд
1 1 1
дт
1 1 1
дх
1 1 1
дч
1 1 1
двоя
1 2 1
дзем
1 5 1
дзи
1 5 1
дао
1 4 2
двуш
1 1 3
двух
2 2 3 1 4
ддв
1 2 2
дест
1 1 2
дех
1 1 2
деес
1 2 2
деза
3 2 2 1 3 2 4
дезо
3 2 2 1 3 2 4
део
1 2 2
деск
1 2 3
диад
1 2 2
диам
1 2 2
дивл
2 2 2 1 3
диос
2 2 2 5 3
диоб
1 2 2
дисе
2 2 2 1 3
дион
1 5 2
дих
1 5 2
дистр
1 1 3
дмос
1 1 3
днод
1 5 3
добр
1 1 2
дод
2 1 2 2 3
доз
1 1 2
доп
1 1 2
дорв
1 1 2
досп
2 1 2 2 3
досн
1 1 2
дош
2 1 2 2 3
дору
1 2 2
добла
1 6 2
дохл
1 1 3
дрожж
2 2 3 3 4
дряб
2 2 3 1 4
дсн
1 2 2
дскн
1 3 2
дуп
1 1 2
дуст
1 1 2
дуо
1 2 2
дупл
2 2 2 3 3
дымн
1 1 3
дэг
1 1 2
еа
1 1 1
еба
1 1 1
ебе
1 1 1
еби
1 1 1
ебо
1 1 1
ебр
1 1 1
ебу
1 1 1
ебы
1 1 1
ебье
1 1 1
ебью
1 1 1
ебья
1 1 1
ебю
1 1 1
ебя
1 1 1
ева
1 1 1
еве
1 1 1
еви
1 1 1
ево
1 1 1
еву
1 1 1
евы
1 1 1
евье
1 1 1
евью
1 1 1
евья
1 1 1
евю
1 1 1
евя
1 1 1
ега
1 1 1
егд
1 1 1
еге
1 1 1
еги
1 1 1
еглам
1 1 1
его
1 1 1
егу
1 1 1
едлин
2 1 1 2 2
еда
1 1 1
еде
1 1 1
еди
1 1 1
едо
1 1 1
еду
1 1 1
еды
1 1 1
едью
1 1 1
едю
1 1 1
едя
1 1 1
ее
1 1 1
ежа
1 1 1
еже
1 1 1
ежо
1 1 1
ежу
1 1 1
ежье
1 1 1
ежьи
1 1 1
ежью
1 1 1
ежья
1 1 1
еза
1 1 1
езе
1 1 1
ези
1 1 1
езо
1 1 1
езу
1 1 1
езы
1 1 1
езью
1 1 1
езья
1 1 1
езю
1 1 1
езя
1 1 1
еи
1 1 1
ека
1 1 1
екв
1 1 1
еке
1 1 1
еки
1 1 1
еку
1 1 1
ела
1 1 1
еле
1 1 1
ели
1 1 1
ело
1 1 1
елу
1 1 1
елы
1 1 1
елье
1 1 1
ельи
1 1 1
елья
1 1 1
елю
1 1 1
еля
1 1 1
ема
1 1 1
еме
1 1 1
емо
1 1 1
ему
1 1 1
емы
1 1 1
емье
1 1 1
емьи
1 1 1
емью
1 1 1
емья
1 1 1
емя
1 1 1
ена
1 1 1
ене
1 1 1
ени
1 1 1
ено
1 1 1
ену
1 1 1
ены
1 1 1
енье
1 1 1
еньи
1 1 1
енью
1 1 1
енья
1 1 1
енэ
1 1 1
еню
1 1 1
еня
1 1 1
еокр
2 1 1 2 2
епа
1 1 1
епе
1 1 1
епи
1 1 1
епо
1 1 1
епу
1 1 1
епы
1 1 1
епье
1 1 1
епьи
1 1 1
епью
1 1 1
епья
1 1 1
епя
1 1 1
ера
1 1 1
ере
1 1 1
ери
1 1 1
еро
1 1 1
еру
1 1 1
еры
1 1 1
ерье
1 1 1
ерью
1 1 1
ерья
1 1 1
ерю
1 1 1
еря
1 1 1
есг
2 1 1 2 2
есклад
2 1 1 2 2
еспот
2 1 1 2 2
еса
1 1 1
есб
1 1 1
есд
1 1 1
есе
1 1 1
еси
1 1 1
еск
1 1 1
есм
1 1 1
есо
1 1 1
есок.
1 1 1
еста
1 1 1
еств
1 1 1
есте
1 1 1
ести
1 1 1
естр
1 1 1
есту
1 1 1
есты
1 1 1
естье
1 1 1
естью
1 1 1
естья
1 1 1
естю
1 1 1
естя
1 1 1
есу
1 1 1
есы
1 1 1
есье
1 1 1
есьи
1 1 1
есью
1 1 1
есья
1 1 1
етье
1 1 1
етьи
1 1 1
етью
1 1 1
етья
1 1 1
етю
1 1 1
еу
2 1 1 2 2
ефа
1 1 1
ефе
1 1 1
ефи
1 1 1
ефо
1 1 1
ефу
1 1 1
еха
1 1 1
ехе
1 1 1
ехи
1 1 1
ехо
1 1 1
еху
1 1 1
еца
1 1 1
еце
1 1 1
еци
1 1 1
ецо
1 1 1
ецу
1 1 1
еча
1 1 1
ече
1 1 1
ечи
1 1 1
ечу
1 1 1
ечье
1 1 1
ечьи
1 1 1
ечью
1 1 1
ечья
1 1 1
еша
1 1 1
еше
1 1 1
еши
1 1 1
ешл
1 1 1
ешо
1 1 1
ешта
1 1 1
ешу
1 1 1
ешью
1 1 1
еща
1 1 1
еще
1 1 1
ещи
1 1 1
ещо
1 1 1
ещу
1 1 1
ещью
1 1 1
еэ
1 1 1
ею
1 1 1
ея
1 1 1
евмо
2 2 1 1 2
еврит
2 2 1 1 2
едощ
3 2 1 1 2 2 3
еоди
1 2 1
еона
1 2 1
еоро
1 2 1
епси
1 2 1
еруп
3 2 1 1 2 2 3
есби
2 2 1 1 2
еспу
2 2 1 3 2
ехуч
3 2 1 1 2 2 3
ехк
1 2 1
ежи
1 3 1
езвон
1 3 1
еола
1 3 1
еон.
1 3 1
ета
1 3 1
ете
1 3 1
ети
1 3 1
ето
1 3 1
ету
1 3 1
еты
1 3 1
етя
1 3 1
еми
1 5 1
еол.
1 5 1
еолы
1 5 1
еохл
1 5 1
еста.
1 5 1
естиг
1 6 1
еаде
1 2 2
еаз
1 2 2
еатр
2 2 2 1 3
еада
1 6 2
евним
1 2 2
евнят
1 2 2
евос
1 2 3
егла.
1 1 2
егло
1 1 2
еглы
1 1 2
ежм
1 1 2
ежр
1 1 2
ежат
1 6 3
езво
1 1 2
езви
1 5 2
еиг
1 2 2
еид
1 2 2
еим
1 2 2
екн
1 1 2
ексту
1 1 2
емне
1 1 2
емного
1 1 2
емч
1 1 2
енри
1 1 2
еос
1 1 2
еоб
1 2 2
еодет
1 2 2
еож
1 2 2
еокон
1 2 2
еору
1 2 2
еоч
1 2 2
еощ
1 2 2
еохв
1 6 2
еобл
1 1 3
еоу
1 4 3
епле
1 1 2
епли.
1 1 2
епта
1 1 2
епто
1 1 2
епте
1 5 2
ептич
1 5 2
ептур
1 5 2
епитр
2 1 3 2 4
ерват
1 1 2
ертя
1 1 2
еркл
1 6 2
ередр
2 1 3 2 4
ередв
1 1 3
ерезв
1 1 3
ереп
1 1 3
ересс
2 1 3 2 4
ерегн
1 5 3
ерепл
1 2 4
ериск
1 1 3
ерис
1 2 4
ероб
1 6 3
есп
1 1 2
ескле
1 2 2
ескош
1 2 2
еспас
1 2 2
ескур
1 5 2
ескрип
1 1 6
етл
1 1 2
етр
1 1 2
етрд
1 2 2
еуто
1 3 2
ехок
2 1 2 2 3
ехоб
1 5 2
ешто
1 1 2
жб
1 1 1
жж
1 1 1
жз
1 1 1
жл
1 1 1
жма
1 1 1
жн
1 1 1
жп
1 1 1
жс
1 1 1
жт
1 1 1
жч
1 1 1
жже
1 2 1
жатв
1 1 3
жесп
2 1 2 2 3
жед
2 5 2 2 3
жео
1 2 3
живл
2 2 2 1 3
жилот
2 2 2 1 3
жилуп
3 2 2 1 3 2 4
закт
1 1 1
звк
1 1 1
звя
1 1 1
зг
1 1 1
здв
1 1 1
зде
1 1 1
зди
1 1 1
зду
1 1 1
зды
1 1 1
здя
1 1 1
зз
1 1 1
зл
1 1 1
зне
1 1 1
зни
1 1 1
зно
1 1 1
зну
1 1 1
зню
1 1 1
зобщ
1 1 1
зокс
1 1 1
зорг
1 1 1
зп
1 1 1
зра
1 1 1
зрод
1 1 1
зряд
1 1 1
зт
1 1 1
зц
1 1 1
зч
1 1 1
зш
1 1 1
зэ
1 1 1
звук
1 2 1
звяк
1 2 1
згни
2 2 1 1 2
згну
2 2 1 1 2
зрак
1 2 1
зрач
1 2 1
звет
1 5 1
згна
1 5 1
здом
1 5 1
зрез
1 5 1
звон
1 6 1
зть
1 6 1
завче
1 1 2
заг
2 1 2 2 3
задр
1 1 2
заз
2 1 2 2 3
закв
1 1 2
зард
2 1 2 2 3
зарж
2 1 2 2 3
зас
1 1 2
зах
1 1 2
заш
1 1 2
зашк
1 2 2
затм
1 3 2
затв
1 5 2
зау
1 5 2
зае
1 2 3
занс
2 5 3 6 4
засн
1 2 3
заспо
1 4 3
зат
1 2 3
зачт
1 2 3
зая
1 6 3
звн
1 2 2
зветв
2 2 3 3 4
здва
1 2 2
здис
1 2 3
ззл
1 2 2
зини
1 6 2
зионо
1 6 2
зоб
1 1 2
зодр
2 1 2 2 3
зоз
2 1 2 2 3
зомн
2 1 2 2 3
зорв
1 1 2
зос
2 1 2 2 3
зощ
1 1 2
зобил
1 2 2
зомл
2 3 2 2 3
зок
1 2 3
иа
1 1 1
иба
1 1 1
ибе
1 1 1
иби
1 1 1
ибо
1 1 1
ибр
1 1 1
ибу
1 1 1
ибы
1 1 1
ибье
1 1 1
ибью
1 1 1
ибю
1 1 1
ивс
2 1 1 2 2
ива
1 1 1
иве
1 1 1
иви
1 1 1
иво
1 1 1
иву
1 1 1
ивье
1 1 1
ивью
1 1 1
ивья
1 1 1
ивя
1 1 1
ига
1 1 1
иге
1 1 1
иги
1 1 1
игл
1 1 1
иго
1 1 1
игу
1 1 1
ида
1 1 1
иде
1 1 1
иди
1 1 1
идо
1 1 1
идр
1 1 1
иду
1 1 1
иды
1 1 1
идю
1 1 1
идя
1 1 1
ие
1 1 1
ижа
1 1 1
иже
1 1 1
ижж
1 1 1
ижи
1 1 1
ижо
1 1 1
ижу
1 1 1
извез
2 1 1 2 2
иза
1 1 1
изе
1 1 1
изи
1 1 1
изна
1 1 1
изо
1 1 1
изр
1 1 1
изу
1 1 1
изы
1 1 1
изью
1 1 1
изю
1 1 1
изя
1 1 1
ии
1 1 1
ика
1 1 1
икв
1 1 1
ике
1 1 1
ики
1 1 1
ико
1 1 1
ику
1 1 1
икю
1 1 1
ила
1 1 1
иле
1 1 1
или
1 1 1
ило
1 1 1
илу
1 1 1
илы
1 1 1
илье
1 1 1
ильи
1 1 1
илья
1 1 1
илю
1 1 1
иля
1 1 1
има
1 1 1
име
1 1 1
имо
1 1 1
иму
1 1 1
имы
1 1 1
имье
1 1 1
имьи
1 1 1
имью
1 1 1
имья
1 1 1
имя
1 1 1
ина
1 1 1
ине
1 1 1
ини
1 1 1
ино
1 1 1
ину
1 1 1
ины
1 1 1
инье
1 1 1
иньи
1 1 1
инью
1 1 1
инья
1 1 1
иню
2 1 1 1 3
иня
1 1 1
ио
1 1 1
ипа
1 1 1
ипи
1 1 1
ипл
1 1 1
ипо
1 1 1
ипу
1 1 1
ипы
1 1 1
ипью
1 1 1
ипю
1 1 1
ипя
1 1 1
ира
1 1 1
ире
1 1 1
ири
1 1 1
иро
1 1 1
иру
1 1 1
иры
1 1 1
ирье
1 1 1
ирьи
1 1 1
ирью
1 1 1
ирья
1 1 1
ирю
1 1 1
иря
1 1 1
исни
2 1 1 2 2
иса
1 1 1
исе
1 1 1
иси
1 1 1
исо
1 1 1
иста
1 1 1
исте
1 1 1
исти
1 1 1
истра
1 1 1
исту
1 1 1
исты
1 1 1
истье
1 1 1
истью
1 1 1
истья
1 1 1
истю
1 1 1
истя
1 1 1
ису
1 1 1
исы
1 1 1
исье
1 1 1
исьи
1 1 1
исью
1 1 1
исья
1 1 1
исю
1 1 1
итраг
2 1 1 2 2
итрес
2 1 1 2 2
итрон
2 1 1 2 2
ите
1 1 1
ити
1 1 1
ито
1 1 1
иту
1 1 1
иты
1 1 1
итье
1 1 1
итью
1 1 1
итья
1 1 1
итю
1 1 1
итя
1 1 1
иу
1 1 1
ифа
1 1 1
ифе
1 1 1
ифи
1 1 1
ифо
1 1 1
ифу
1 1 1
иха
1 1 1
ихе
1 1 1
ихи
1 1 1
ихо
1 1 1
иху
1 1 1
ица
1 1 1
ице
1 1 1
ици
1 1 1
ицо
1 1 1
ицу
1 1 1
ича
1 1 1
иче
1 1 1
ичи
1 1 1
ичу
1 1 1
ичье
1 1 1
ичьи
1 1 1
ичью
1 1 1
ичья
1 1 1
ишп
2 1 1 2 2
иша
1 1 1
ише
1 1 1
иши
1 1 1
ишл
1 1 1
ишо
1 1 1
ишу
1 1 1
ишье
1 1 1
ишью
1 1 1
ишья
1 1 1
ища
1 1 1
ище
1 1 1
ищи
1 1 1
ищо
1 1 1
ищу
1 1 1
иэ
1 1 1
ию
1 1 1
ия
1 1 1
иаг
2 2 1 1 2
иап
1 2 1
иаф
1 2 1
иевод
1 2 1
икч
2 2 1 1 2
илац
3 2 1 1 2 2 3
иоск
3 2 1 1 2 2 3
иопр
1 2 1
иох
1 2 1
иоц
1 2 1
ипси
1 2 1
истин
2 2 1 1 2
итл
2 2 1 1 2
ишлы
2 2 1 1 2
июл
1 2 1
июн
1 2 1
игд
1 5 1
ими
1 5 1
иоле
1 5 1
ипе
1 5 1
ита
1 5 1
иптиз
2 6 1 5 2
итот
1 6 1
иаск
1 1 2
иас
1 2 3
игн
1 1 2
идц
1 1 2
идиом
1 3 3
идиа
1 5 3
иеди
1 2 2
изв
1 1 2
изд
1 1 2
изреч
1 1 2
изва
1 2 2
изгн
1 2 2
изгне
1 1 3
изот
1 1 3
изобр
2 2 3 1 4
изоо
1 2 3
изыс
1 1 4
икн
1 1 2
иксту
1 1 3
илеп
1 1 3
илепл
2 2 3 1 4
ильд
1 1 3
имн
1 1 2
инодра
2 1 3 2 4
инос
1 1 3
инс
1 2 3
инюш
1 2 3
иоста
1 2 2
иосп
1 5 2
иобре
1 1 3
ипта
1 1 2
ипте
1 1 2
ипто
1 1 2
ипту
1 1 2
ирв
1 5 2
исб
1 1 2
иск
1 1 2
исм
1 1 2
исп
1 1 2
истек
1 1 2
исч
1 1 2
истец
1 5 2
искн
1 1 3
иств
1 1 3
итва
1 1 2
итве
1 1 2
итр
1 1 2
итву
1 5 2
иуг
1 2 2
иуч
1 2 2
иур
1 6 2
ияд
1 2 2
йдв
1 2 1
йль
1 2 1
ймс
1 2 1
йнв
1 2 1
йсб
2 2 1 1 2
йсн
1 2 1
йсш
1 2 1
йо
1 5 1
йсф
2 6 1 5 2
йерв
1 1 3
йкоп
1 5 3
йско
1 2 2
йхск
1 2 2
кд
1 1 1
кна
1 1 1
кно
1 1 1
кп
1 1 1
кск
1 1 1
кх
1 1 1
кч
1 1 1
квак
1 2 1
кобес
2 2 1 1 2
ксв
1 2 1
ксл
1 2 1
кстак
2 2 1 1 3
кж
1 5 1
клий
1 5 1
ксте.
1 5 1
кад
1 1 2
касп
1 1 2
каст
1 1 2
кадр
2 2 2 1 3
кадн
1 2 2
кажд
2 2 2 1 3
капл
2 2 2 1 3
капре
2 2 2 1 3
каус
1 3 2
казна
1 1 3
камн
1 5 3
кашл
1 3 3
квадр
2 2 3 1 4
кест
1 1 2
кегли
1 5 2
кед
1 5 2
кепти
1 1 3
киоск
3 3 2 2 3 3 4
кисл
2 4 2 3 3
кио
1 5 2
ключ
1 1 3
ключн
1 2 3
кнопл
2 2 3 3 4
кознан
1 1 2
коск
1 1 2
комин
1 2 2
косн
2 2 2 3 3
косв
1 2 2
котл
1 2 2
коств
1 5 2
когн
1 2 3
копу
1 5 4
корв
1 1 3
космо
1 1 3
костля
1 1 4
крио
2 2 3 5 4
кропл
1 2 3
ксп
1 1 2
кстр
1 1 2
ктрис
1 2 2
куск
1 1 3
лба
1 1 1
лби
1 1 1
лбо
1 1 1
лв
1 1 1
лг
1 1 1
лд
2 1 1 6 2
лжа
1 1 1
лже
1 1 1
лжи
1 1 1
лза
1 1 1
лзе
1 1 1
лзо
1 1 1
лзы
1 1 1
лк
1 1 1
лл
1 1 1
лм
1 1 1
лп
1 1 1
лт
1 1 1
лф
1 1 1
лх
2 1 1 6 2
лц
1 1 1
лча
1 1 1
лче
1 1 1
лчи
1 1 1
лчу
1 1 1
лчь
1 1 1
лш
2 1 1 6 2
лщ
1 1 1
лвк
1 2 1
лвн
1 2 1
лвст
1 2 1
лгат
1 2 1
лль
1 2 1
лтк
1 2 1
лбы
1 5 1
лтл
2 6 1 5 2
лау
1 1 3
летр
2 1 2 2 3
лебл
2 2 2 1 3
лео
1 2 2
лепт
2 2 2 1 3
легл
1 5 3
лендр
2 2 3 1 4
лепло
1 5 3
либр
2 2 2 1 3
ливл
2 2 2 1 3
ликв
2 2 2 1 3
липл
2 2 2 1 3
литуп
2 2 2 1 3
литоб
1 2 2
листр
1 5 2
лиос
1 6 2
лихв
2 6 2 5 3
лкн
1 1 2
ллю
1 1 3
лодр
2 1 2 6 3
лоз
1 1 2
лопл
1 1 2
лоску
1 1 2
лобор
1 6 2
лоска
1 5 3
лохл
1 5 3
лсто
1 2 2
луд
2 1 2 2 3
лус
1 1 2
лудк
2 2 2 3 3
лудл
2 2 2 3 3
лудн
2 2 2 3 3
лубр
2 3 2 2 3
лут
1 5 2
лфт
1 2 2
льтот
1 2 2
люкв
1 1 3
мг
1 1 1
мж
1 1 1
мз
1 1 1
мк
1 1 1
мна
1 1 1
мнее.
1 1 1
мней.
1 1 1
мное
1 1 1
мнос
1 1 1
мс
1 1 1
мф
1 1 1
мц
1 1 1
ммн
2 2 1 1 2
ммк
1 2 1
мсор
2 2 1 1 2
мсти
1 2 1
мнеп
1 5 1
мний
1 5 1
мнов
1 5 1
мнот
1 5 1
мх
1 5 1
мэ
1 5 1
мат
1 6 1
мль
1 6 1
масб
1 1 2
мавз
1 2 2
масл
2 2 2 1 3
матр
2 2 2 1 3
мау
1 2 2
мачт
1 6 2
магн
1 1 3
мадри
1 1 3
мандарм
2 2 3 1 4
матв
1 1 3
медосм
2 2 2 1 3
мео
1 2 2
меск
2 2 2 1 3
мечт
2 2 2 1 3
межот
2 2 4 1 5
метео
1 2 4
мзд
1 6 2
миок
1 2 2
мизан
2 6 2 5 3
мироз
2 3 4 2 5
много
1 1 5
мом
1 1 2
моп
1 1 2
моско
1 1 2
можж
2 2 2 3 3
мотр
2 2 2 3 3
моо
1 3 2
мозгл
2 2 3 1 4
москв
1 1 4
мосомн
2 2 4 3 5
мпл
1 2 2
мпоч
1 2 3
мсн
1 2 2
муг
1 1 2
муск
2 5 2 6 3
мысл
2 4 2 3 3
нб
1 1 1
нв
2 1 1 2 2
нг
1 1 1
нд
1 1 1
нж
1 1 1
нз
1 1 1
нк
1 1 1
нл
1 1 1
нм
1 1 1
нн
1 1 1
нп
1 1 1
нт
1 1 1
нф
1 1 1
нх
1 1 1
нч
1 1 1
нщ
1 1 1
ндв
1 2 1
ндг
1 2 1
ндл
1 2 1
ндн
1 2 1
нсля
2 2 1 1 2
нсм
2 2 1 1 2
нсн
1 2 1
нсф
1 2 1
нтк
1 2 1
нтл
1 2 1
нтраг
3 2 1 1 3 2 4
нтрок
1 2 1
нтш
1 2 1
ншн
1 2 1
ндц
1 6 1
наз
2 1 2 2 3
накв
1 1 2
намного
2 1 2 2 3
намн
1 1 2
нарв
1 1 2
нах
1 1 2
нашл
1 1 2
нашп
1 1 2
наивн
1 3 2
наиз
1 3 2
наит
1 3 2
наэ
1 5 2
наиск
2 1 3 2 4
наот
1 2 3
науч
1 6 3
нгоу
1 5 4
ндсп
1 2 2
ндз
1 6 2
ндес
2 2 3 1 4
невд
2 1 2 2 3
негл
1 1 2
негн
1 1 2
недр
1 1 2
незн
1 1 2
немн
1 1 2
неп
2 1 2 2 3
несн
2 1 2 2 3
несп
2 1 2 2 3
нест
1 1 2
несч
1 1 2
нетр
2 1 2 2 3
неапо
2 2 2 3 3
невра
1 2 2
нерот
1 2 2
неогр
2 3 2 2 3
неодин
2 3 2 2 3
неос
2 3 2 6 3
некст
1 5 2
нерж
1 5 2
несх
2 5 2 6 3
невп
1 2 3
недос
1 1 4
нее
1 6 3
неи
1 2 3
неоп
1 2 3
неопр
1 2 3
неор
1 2 3
неох
1 2 3
неоц
1 2 3
неск
1 2 3
нетл
1 2 3
неустр
1 5 3
нея
1 6 3
нип
1 1 2
нистр
1 1 2
никт
1 5 2
нила
1 6 4
нкро
1 5 2
нкоп
1 1 3
ноз
1 1 2
ноп
1 1 2
нотв
1 1 2
нопт
1 2 2
ное
1 5 2
ноо
1 5 2
нош
1 5 2
номн
1 5 3
нопл
1 2 3
нсур
1 2 3
нтр
1 2 2
нтиа
1 2 4
нтио
1 2 4
нуск
1 1 2
нутр
2 1 2 2 3
обе
1 1 1
оби
1 1 1
обо
1 1 1
обу
1 1 1
обы
1 1 1
обье
1 1 1
обьи
1 1 1
обью
1 1 1
обья
1 1 1
овв
2 1 1 2 2
овсе
2 1 1 2 2
овт
2 1 1 2 2
ова
1 1 1
ове
1 1 1
ови
1 1 1
овм
1 1 1
ово
1 1 1
ову
1 1 1
овы
1 1 1
овье
1 1 1
овьи
1 1 1
овью
1 1 1
овья
1 1 1
овя
1 1 1
ога
1 1 1
оге
1 1 1
оги
1 1 1
ого
1 1 1
огу
1 1 1
ода
1 1 1
оде
1 1 1
оди
1 1 1
одо
1 1 1
одру
1 1 1
оду
1 1 1
оды
1 1 1
одью
1 1 1
одю
1 1 1
одя
1 1 1
ое
1 1 1
ожа
1 1 1
оже
1 1 1
ожже
1 1 1
ожи
1 1 1
ожм
1 1 1
ожо
1 1 1
ожу
1 1 1
ожье
1 1 1
ожьи
1 1 1
ожью
1 1 1
ожья
1 1 1
озе
1 1 1
ози
1 1 1
озо
1 1 1
озу
1 1 1
озы
1 1 1
озье
1 1 1
озьи
1 1 1
озью
1 1 1
озья
1 1 1
озя
1 1 1
ока
1 1 1
окв
1 1 1
оке
1 1 1
оки
1 1 1
око
1 1 1
оку
1 1 1
ола
1 1 1
оле
1 1 1
оли
1 1 1
олу
1 1 1
олы
1 1 1
олье
1 1 1
ольи
1 1 1
олья
1 1 1
олю
1 1 1
оля
1 1 1
ома
1 1 1
оме
1 1 1
оми
1 1 1
омо
1 1 1
ому
1 1 1
омч
1 1 1
омы
1 1 1
омье
1 1 1
омья
1 1 1
омя
1 1 1
она
1 1 1
оне
1 1 1
они
1 1 1
оно
1 1 1
ону
1 1 1
оны
1 1 1
онье
1 1 1
оньи
1 1 1
онью
1 1 1
онья
1 1 1
оню
1 1 1
оня
1 1 1
оо
2 1 1 2 2
опа
1 1 1
опе
1 1 1
опи
1 1 1
опо
1 1 1
опу
1 1 1
опы
1 1 1
опье
1 1 1
опьи
1 1 1
опью
1 1 1
опья
1 1 1
опя
1 1 1
ора
1 1 1
орват
1 1 1
оре
1 1 1
ори
1 1 1
оро
1 1 1
ору
1 1 1
орье
1 1 1
орью
1 1 1
орья
1 1 1
орю
1 1 1
оря
1 1 1
оскла
2 1 1 2 2
оспор
2 1 1 2 2
осто
2 1 1 2 2
осшив
2 1 1 2 2
оса
1 1 1
осб
1 1 1
осе
1 1 1
оси
1 1 1
осне
1 1 1
осним
1 1 1
оспе
1 1 1
оста
1 1 1
осте
1 1 1
ости
1 1 1
остр
1 1 1
осту
1 1 1
осты
1 1 1
остье
1 1 1
остьи
1 1 1
остью
1 1 1
остья
1 1 1
остю
1 1 1
остя
1 1 1
осу
1 1 1
осче
1 1 1
осы
1 1 1
осье
1 1 1
осьи
1 1 1
осью
1 1 1
осья
1 1 1
осю
1 1 1
ота
1 1 1
ото
1 1 1
оту
1 1 1
оты
1 1 1
отье
1 1 1
отьи
1 1 1
отью
1 1 1
отья
1 1 1
отя
1 1 1
офа
1 1 1
офе
1 1 1
офи
1 1 1
офо
1 1 1
офу
1 1 1
офье
1 1 1
офьи
1 1 1
офью
1 1 1
офья
1 1 1
оха
1 1 1
охе
1 1 1
охо
1 1 1
оху
1 1 1
оца
1 1 1
оце
1 1 1
оци
1 1 1
оче
1 1 1
очи
1 1 1
очл
1 1 1
очу
1 1 1
очье
1 1 1
очьи
1 1 1
очью
1 1 1
очья
1 1 1
ошл
2 1 1 2 2
оша
1 1 1
оше
1 1 1
оши
1 1 1
ошо
1 1 1
ошу
1 1 1
ошье
1 1 1
ошью
1 1 1
оща
1 1 1
още
1 1 1
ощи
1 1 1
ощу
1 1 1
ощью
1 1 1
ою
1 1 1
оя
1 1 1
ображ
2 2 1 1 2
образ
2 2 1 1 2
овпа
2 2 1 1 2
овры
1 2 1
одобол
3 2 1 1 2 2 3
ододея
3 2 1 1 2 2 3
одраж
2 2 1 3 2
одотр
1 2 1
оевр
1 2 1
озвол
2 2 1 1 2
озно
2 2 1 1 2
озну
2 2 1 1 2
озоб
2 2 1 1 2
озня
1 2 1
озым
1 2 1
озьт
1 2 1
окау
3 2 1 1 2 2 3
онн
1 2 1
офак
2 2 1 1 2
офра
2 2 1 1 2
ошлы
2 2 1 3 2
овлюб
2 3 1 2 2
оло
1 3 1
оотр
1 3 1
осбер
2 3 1 2 2
оти
1 3 1
одвиг
1 5 1
оом
1 5 1
опте
1 5 1
ору.
1 5 1
оспу
1 5 1
отьм
2 5 1 6 3
охт
2 5 1 6 2
оча
1 5 1
отва
1 6 1
ошн
1 6 1
обв
1 1 2
обосн
3 1 2 2 3 3 4
обращ
1 1 2
облуди
1 2 2
облик
1 5 2
облич
1 5 2
обрад
1 5 2
обрам
1 5 2
овостр
1 5 3
овысп
1 2 4
одра
1 1 2
одрос
1 1 2
одэ
1 1 2
одлит
1 2 2
одиап
1 5 3
одос
1 1 3
одсп
1 2 3
одьяч
1 1 3
оед
1 2 2
оес
1 2 2
оздо
1 1 2
озро
1 1 2
оздор
1 2 2
оздю
1 5 2
озобл
2 2 3 1 4
оиг
2 2 2 6 3
оиз
1 2 2
оиме
1 2 2
оиму
1 2 2
оио
1 6 2
окз
1 1 2
окну
1 1 2
окне
1 5 2
олуд
2 3 3 4 4
олуо
1 2 4
ольд
1 1 3
омного
1 1 2
омр
1 1 2
омня
1 2 2
онтрат
1 2 2
онтру
1 6 2
онс
1 2 3
опта
1 1 2
опти
1 1 2
орисп
1 1 2
орбл
2 2 2 1 3
орть
1 5 2
ортя
1 5 2
ораспр
1 6 4
оска.
1 1 2
оскам
1 1 2
осках
1 1 2
оске
1 1 2
оски
1 1 2
оской
1 1 2
оску.
1 1 2
осмет
1 1 2
осмос
1 1 2
оспы
1 1 2
осн
1 2 2
оссм
2 2 2 1 3
оссв
1 2 2
осного
1 3 2
осною
1 3 2
осба
1 5 2
осми
1 5 2
оснит
1 5 2
оспле
1 6 2
отв
1 1 2
отл
1 1 2
отраз
1 1 2
отуж
2 1 2 2 3
отут
2 1 2 2 3
отуч
2 1 2 2 3
отлев
1 2 2
отодра
2 1 3 2 4
оточь
1 2 3
отуа
1 2 3
отуче
1 2 3
офор
1 2 3
охрис
1 1 2
оэти
1 5 2
ояв
1 2 2
ояд
1 2 2
ояз
1 2 2
ояр
1 6 2
пд
1 1 1
пла.
1 1 1
плен
1 1 1
плютс
1 1 1
пля
1 1 1
пск
1 1 1
птр
1 1 1
птуа
1 1 1
пты
1 1 1
птя
1 1 1
пщ
1 1 1
пледе
1 2 1
пляс
1 2 1
пляш
1 2 1
плеть.
1 3 1
плова
1 5 1
птил
1 5 1
пе
1 6 1
паск
2 1 2 2 3
пав
1 2 2
пасто
2 2 2 1 3
паскв
2 2 2 1 4
паво
1 5 2
падр
1 5 2
павл
1 1 3
пахл
1 1 3
пепл
2 2 2 1 3
петл
1 2 2
песк
2 6 2 5 3
пепт
1 1 3
перв
1 1 3
пермал
2 2 3 1 4
переос
2 3 4 6 5
писк
1 2 2
пископ
2 5 2 2 3
плевр
2 2 3 1 4
подраг
2 1 2 2 3
поз
1 1 2
помн
1 1 2
поп
1 1 2
поск
1 1 2
посм
1 1 2
посх
1 1 2
пох
1 1 2
подж
2 2 2 1 3
подок
3 2 2 1 3 2 4
подоси
3 2 2 1 3 2 4
подруб
2 2 2 1 3
подрул
2 2 2 1 3
подрум
2 2 2 1 3
подруч
2 2 2 1 3
подуро
3 2 2 1 3 2 4
подь
1 2 2
повли
1 3 2
поб
1 5 2
посс
1 5 2
пог
1 6 3
пое
1 2 3
позл
1 2 3
пос
1 2 3
поэм
1 1 3
ппод
1 1 3
предот
2 2 3 2 5
предох
1 2 3
прейск
2 2 4 1 5
привн
2 1 3 2 4
привк
1 1 3
прил
1 1 3
прис
1 1 3
прит
1 1 3
притч
1 2 3
приль
1 2 5
присп
1 2 4
прическ
2 2 5 1 6
продл
2 1 3 2 4
продра
2 1 3 2 4
прор
1 1 3
проск
1 1 3
птв
1 1 2
публ
2 2 2 1 3
пугл
1 1 3
пугн
1 3 3
пхн
1 6 2
рб
1 1 1
рва.
1 1 1
рвар
1 1 1
рвац
1 1 1
рвеж
1 1 1
рвей
1 1 1
рвен
1 1 1
рви
1 1 1
рво
1 1 1
рг
1 1 1
рд
1 1 1
рж
1 1 1
рза
1 1 1
рзе
1 1 1
рзи
1 1 1
рзо
1 1 1
рзя
1 1 1
рк
1 1 1
рл
1 1 1
рм
1 1 1
рн
1 1 1
рп
1 1 1
рр
1 1 1
рс
1 1 1
рта
1 1 1
рте
1 1 1
рти
1 1 1
рто
1 1 1
ртр
1 1 1
рту
1 1 1
рты
1 1 1
ртью
1 1 1
ртю
1 1 1
рф
1 1 1
рха
1 1 1
рхе
1 1 1
рхло
1 1 1
рхов
1 1 1
рхуш
1 1 1
рц
1 1 1
рч
1 1 1
рш
1 1 1
рщ
1 1 1
ргл
2 2 1 1 2
ргн
2 2 1 1 2
ргв
1 2 1
ргг
1 2 1
ргот
1 2 1
рдц
2 2 1 1 2
рдл
1 2 1
рдн
1 2 1
рдч
1 2 1
ржн
1 2 1
рль
1 2 1
рмн
2 2 1 1 2
рмч
2 2 1 5 2
рмк
1 2 1
рмс
1 2 1
рмф
1 2 1
рсн
1 2 1
ртакт
2 2 1 1 2
ртл
2 2 1 1 2
ртоб
2 2 1 1 2
рузл
1 2 1
рхв
1 2 1
ршр
2 2 1 1 2
ршк
1 2 1
ршн
1 2 1
рщв
3 2 1 3 2 2 3
рвя
1 5 1
рхот
1 5 1
рдв
1 6 1
рмщ
1 6 1
рхре
1 6 1
разобл
1 2 2
рапл
2 2 2 1 3
раста
2 2 2 1 3
растер
2 2 2 1 3
расто
2 2 2 1 3
расту
2 2 2 1 3
растя
2 2 2 1 3
ратак
1 2 2
разорен
1 3 2
разори
1 3 2
раун
1 5 2
раус
1 5 2
расля
1 6 2
растуш
1 6 2
раа
1 6 3
разв
1 1 3
распы
1 1 3
растл
2 1 3 2 4
растра
1 1 3
растрог
1 1 3
растян
1 3 3
растопл
1 2 5
ратв
1 1 3
рахл
1 1 3
раэ
1 2 3
регн
2 1 2 2 3
резр
1 1 2
рер
2 1 2 2 3
респ
2 1 2 2 3
ресч
1 1 2
ретр
2 1 2 2 3
редобе
3 2 2 1 3 2 4
редопе
3 2 2 1 3 2 4
редосе
3 2 2 1 3 2 4
редуг
3 2 2 1 3 2 4
редоли
3 2 2 3 3 2 4
редопр
1 2 2
редос
1 2 2
рекват
2 2 2 1 3
реос
1 2 2
рехр
2 2 2 1 3
регли
1 1 3
редр
1 1 3
рее
1 2 3
рейх
1 2 3
ремн
1 1 3
реод
1 2 3
реоц
1 2 3
репло
1 5 3
ридв
1 1 2
рижм
1 1 2
ризв
1 1 2
римч
1 1 2
рисм
1 2 3
риу
1 2 3
ркн
1 1 2
ркни
1 6 2
родв
1 1 2
розв
1 1 2
розр
1 1 2
ропл
1 1 2
роскл
2 1 2 2 3
росм
1 1 2
рох
1 1 2
рогне
2 2 2 1 3
рогну
2 2 2 1 3
росл
2 2 2 1 3
рохн
2 2 2 1 3
робр
1 5 2
роспа
1 5 2
роспл
1 5 2
рошт
1 5 2
роех
1 6 3
роис
1 2 3
роопр
1 1 4
рорв
1 2 3
рпуск
1 1 4
рро
1 1 3
ррос
1 6 4
рсп
1 6 2
ртв
1 1 2
ртлю
1 1 2
ругв
1 1 3
ругл
1 1 3
ругн
1 1 3
рхоп
1 1 2
рыгн
2 2 2 1 3
рытв
1 1 3
рых
1 1 3
рюква
1 5 2
рюкве
1 5 2
свен
1 1 1
сда
1 1 1
сдо
1 1 1
сн
1 1 1
спа
1 1 1
спил
1 1 1
спит
1 1 1
спл
1 1 1
сс
1 1 1
схо
1 1 1
сц
1 1 1
счат
1 1 1
счл
1 1 1
сш
2 1 1 6 2
сщ
1 1 1
своя
1 2 1
сгор
1 2 1
сдобн
1 2 1
скатн
1 2 1
склер
1 2 1
спеш
1 2 1
сраб
1 2 1
срез
1 2 1
ссб
1 2 1
ссн
1 2 1
ссори
1 2 1
стяну
1 2 1
сцена
1 2 1
ссне
2 3 1 2 2
сге
1 5 1
сди
1 5 1
сна.
1 5 1
сное
1 5 1
сной
1 5 1
сном
1 5 1
скак
1 6 1
сабл
2 2 2 1 3
само
1 1 4
свае
1 6 3
свах
1 2 4
свет
1 2 3
светл
2 2 3 1 4
сверхи
1 2 4
сверх
1 1 5
сг
1 6 2
сегн
1 1 2
сез
1 1 2
сего
1 1 4
сегод
1 2 5
секст
1 1 4
серве
1 1 3
серва
1 5 3
сипл
2 2 2 1 3
сиом
1 3 2
скну
1 1 2
сквер
1 2 2
скобл
2 2 3 1 4
смогл
2 2 3 1 4
смуг
2 2 3 1 4
собр
1 1 2
содра
2 1 2 2 3
сож
1 1 2
соз
1 1 2
солг
2 1 2 2 3
сом
2 1 2 2 3
сорв
2 1 2 2 3
сос
2 1 2 2 3
сотв
1 1 2
совм
2 2 2 1 3
сось
1 2 2
сотле
1 2 2
созда
2 3 2 2 3
совл
1 5 2
соо
1 5 2
сощ
1 5 2
сосн
2 6 2 5 3
сплюсь.
1 2 2
ссво
1 1 2
стли
1 1 2
ствер
1 5 2
ствл
1 2 3
стопл
1 1 3
сугл
1 1 2
суб
1 2 2
суев
1 2 2
суни
1 2 2
суба
1 1 3
субл
1 1 3
супер
2 2 4 1 5
сческ
2 2 3 1 4
съема
2 2 2 3 3
съед
1 3 3
съел
1 3 3
съемо
1 3 3
съех
1 3 3
сыпле
2 2 2 3 3
сыплю
1 1 3
твой
1 1 1
твою
1 1 1
тд
2 1 1 2 2
тж
1 1 1
тз
1 1 1
тк
1 1 1
тлог
1 1 1
трез
1 1 1
трыв
1 1 1
тха
1 1 1
тхо
1 1 1
тч
1 1 1
тш
2 1 1 2 2
твл
1 2 1
трав
1 2 1
тсд
1 2 1
трщ
1 4 1
таст
1 1 2
тамен
1 2 4
твоз
1 1 3
тест
1 1 2
текл
2 2 2 1 3
теос
1 2 2
тепл
2 2 2 1 3
терак
2 2 2 1 3
техо
1 6 2
тегн
1 1 3
текста
1 1 3
телео
1 3 4
темн
1 5 3
терв
1 1 3
терео
1 2 4
тетра
2 1 3 2 4
тистр
1 1 2
тивл
2 2 2 1 3
тигл
2 2 2 1 3
тиа
1 5 2
тиок
1 5 2
ткно
1 2 2
тобр
1 1 2
тод
1 1 2
тоз
1 1 2
тос
2 1 2 2 3
тодн
1 2 2
тожд
2 2 2 1 3
тооп
1 1 4
трдо
1 2 4
трех
1 2 3
тск
1 2 2
тсн
1 2 2
тупр
1 2 2
тупл
1 1 3
тыск
1 5 3
тьму
1 6 2
уа
1 1 1
уба
1 1 1
убе
1 1 1
уби
1 1 1
убо
1 1 1
убу
1 1 1
убы
1 1 1
убье
1 1 1
убью
1 1 1
убья
1 1 1
убю
1 1 1
убя
1 1 1
ува
1 1 1
уве
1 1 1
уви
1 1 1
уво
1 1 1
уву
1 1 1
увы
1 1 1
увье
1 1 1
увью
1 1 1
увя
1 1 1
уга
1 1 1
уге
1 1 1
уги
1 1 1
уго
1 1 1
угу
1 1 1
уда
1 1 1
уде
1 1 1
уди
1 1 1
удо
1 1 1
уду
1 1 1
уды
1 1 1
удьи
1 1 1
удью
1 1 1
удю
1 1 1
удя
1 1 1
уе
1 1 1
ужа
1 1 1
уже
1 1 1
ужи
1 1 1
ужо
1 1 1
ужу
1 1 1
ужье
1 1 1
ужьи
1 1 1
ужью
1 1 1
ужья
1 1 1
уза
1 1 1
узе
1 1 1
узи
1 1 1
узо
1 1 1
узу
1 1 1
узы
1 1 1
узья
1 1 1
узя
1 1 1
уи
1 1 1
ука
1 1 1
уке
1 1 1
уки
1 1 1
уко
1 1 1
уку
1 1 1
укья
1 1 1
ула
1 1 1
ули
1 1 1
уло
1 1 1
улу
1 1 1
улы
1 1 1
улье
1 1 1
ульи
1 1 1
улья
1 1 1
улю
1 1 1
уля
1 1 1
ума
1 1 1
уме
1 1 1
уми
1 1 1
умо
1 1 1
уму
1 1 1
умы
1 1 1
умье
1 1 1
умью
1 1 1
умья
1 1 1
умя
1 1 1
уна
1 1 1
уне
1 1 1
уни
1 1 1
уно
1 1 1
уну
1 1 1
уны
1 1 1
унье
1 1 1
уньи
1 1 1
унью
1 1 1
унья
1 1 1
уню
1 1 1
уня
1 1 1
уо
1 1 1
упа
1 1 1
упе
1 1 1
упи
1 1 1
упо
1 1 1
упу
1 1 1
упы
1 1 1
упье
1 1 1
упью
1 1 1
упья
1 1 1
упю
1 1 1
упя
1 1 1
ура
1 1 1
уре
1 1 1
ури
1 1 1
уро
1 1 1
уру
1 1 1
уры
1 1 1
урье
1 1 1
урьи
1 1 1
урью
1 1 1
урья
1 1 1
урю
1 1 1
уря
1 1 1
уса
1 1 1
усе
1 1 1
уси
1 1 1
усм
1 1 1
усо
1 1 1
уста
1 1 1
усте
1 1 1
усти
1 1 1
усту
1 1 1
усты
1 1 1
устье
1 1 1
устью
1 1 1
устья
1 1 1
устя
1 1 1
усу
1 1 1
усф
1 1 1
усы
1 1 1
усье
1 1 1
усью
1 1 1
усья
1 1 1
усю
1 1 1
ута
1 1 1
уте
1 1 1
ути
1 1 1
утл
1 1 1
уто
1 1 1
уту
1 1 1
уты
1 1 1
утье
1 1 1
утью
1 1 1
утья
1 1 1
утю
1 1 1
утя
1 1 1
уу
1 1 1
уфа
1 1 1
уфе
1 1 1
уфи
1 1 1
уфо
1 1 1
уфу
1 1 1
уфье
1 1 1
уфьи
1 1 1
уфью
1 1 1
уфья
1 1 1
уха
1 1 1
ухе
1 1 1
ухи
1 1 1
ухо
1 1 1
уху
1 1 1
уца
1 1 1
уце
1 1 1
уци
1 1 1
уцу
1 1 1
уча
1 1 1
уче
1 1 1
учи
1 1 1
учу
1 1 1
учье
1 1 1
учьи
1 1 1
учью
1 1 1
учья
1 1 1
уша
1 1 1
уше
1 1 1
уши
1 1 1
ушо
1 1 1
ушу
1 1 1
ушье
1 1 1
ушьи
1 1 1
ушью
1 1 1
ушья
1 1 1
уща
1 1 1
уще
1 1 1
ущи
1 1 1
ущо
1 1 1
ущу
1 1 1
ую
1 1 1
уя
1 1 1
убр
2 2 1 1 2
удр
2 2 1 1 2
уес
1 2 1
ухр
2 2 1 1 2
ухв
1 2 1
ушлы
2 2 1 1 2
уныв
1 4 1
уле
1 5 1
умр
1 5 1
уол
1 5 1
ушл
1 5 1
уэ
1 5 1
уале
1 6 1
уас
1 6 1
узел
1 6 1
утрь
1 6 1
удв
1 2 2
удрс
1 2 2
уер
1 1 2
уеди
1 2 2
уздю
1 5 2
укв
1 1 2
укн
1 5 2
укос
1 6 4
ульд
1 1 3
умног
1 1 2
уок
1 2 2
урв
1 1 2
уска
1 1 2
уске
1 1 2
уски
1 1 2
уском
1 1 2
усч
1 1 2
ускр
1 2 2
успо
1 2 2
усков
1 5 2
уску.
1 5 2
утла
1 5 2
утьм
1 6 3
уус
1 2 2
ухл
1 1 2
ухм
1 1 2
ухок
2 1 2 2 3
ушп
1 3 2
уэла
1 5 2
уэле
1 5 2
уяз
1 2 2
фб
1 1 1
фг
1 1 1
фк
1 1 1
фм
1 1 1
фт
1 1 1
фф
1 1 1
фш
1 1 1
фузл
1 2 1
фау
1 5 2
фагн
1 1 3
фарв
1 5 3
фед
1 1 2
федр
2 2 2 1 3
феск
2 2 2 1 3
фени
1 6 4
фид
1 1 2
фиск
2 1 2 2 3
фидн
1 2 2
фио
1 3 2
финин
1 6 2
фото
1 1 4
фрас
1 5 3
фреск
2 2 3 1 4
хб
1 1 1
хд
2 1 1 6 2
хз
1 1 1
хк
1 1 1
хли
1 1 1
хло.
1 1 1
хлу
1 1 1
хлы
1 1 1
хля
1 1 1
хма
1 1 1
хми
1 1 1
хн
1 1 1
хосн
1 1 1
хп
1 1 1
хт
1 1 1
хуро
2 1 1 2 2
хф
2 1 1 6 2
хх
1 1 1
хц
1 1 1
хш
1 1 1
хэ
1 1 1
хлип
1 2 1
хляб
1 2 1
хны
1 4 1
хла.
1 5 1
хмет
1 5 1
хосм
1 5 1
хео
2 6 2 5 3
хизы
1 2 2
хие
1 2 3
хотв
1 1 2
хопе
1 2 2
хозар
1 1 3
хрипл
2 2 3 1 4
хромч
2 2 3 1 4
цб
1 1 1
цд
1 1 1
цн
1 1 1
цр
1 1 1
цц
1 1 1
цапл
2 2 2 1 3
цед
1 1 2
цедр
2 2 2 1 3
цейт
2 6 3 5 4
цикл
2 2 2 1 3
цифр
2 2 2 1 3
чв
1 1 1
чн
1 1 1
чс
1 1 1
чч
1 1 1
чш
1 1 1
чатл
2 2 2 1 3
чарт
1 3 3
частв
1 1 4
четвер
1 1 3
чехл
1 1 3
числ
2 2 2 1 3
чужд
2 2 2 1 3
шк
1 1 1
шля
1 1 1
шм
1 1 1
шн
1 1 1
шс
1 1 1
шц
1 1 1
шкив
1 2 1
шлем
1 2 1
шлют.
1 2 1
шпр
1 2 1
шч
1 5 1
шлеш
1 6 1
шагн
1 1 3
шес
1 1 2
шео
1 2 3
шивл
2 2 2 1 3
шифр
2 2 2 1 3
щед
1 1 2
щес
1 1 2
щедр
2 2 2 1 3
щипл
2 2 2 3 3
ъя
2 1 1 2 2
ъе
1 2 2
ъех
1 3 2
ъемн
1 3 3
ъюс
1 6 2
ъют
1 6 2
ыба
1 1 1
ыбе
1 1 1
ыби
1 1 1
ыбо
1 1 1
ыбр
1 1 1
ыбу
1 1 1
ыбы
1 1 1
ыбье
1 1 1
ыбьи
1 1 1
ыбью
1 1 1
ыбья
1 1 1
ыбя
1 1 1
ыва
1 1 1
ыве
1 1 1
ыви
1 1 1
ыво
1 1 1
ыву
1 1 1
ывы
1 1 1
ывя
1 1 1
ыг
1 1 1
ыга
1 1 1
ыге
1 1 1
ыги
1 1 1
ыго
1 1 1
ыгу
1 1 1
ыда
1 1 1
ыдв
1 1 1
ыде
1 1 1
ыди
1 1 1
ыдо
1 1 1
ыду
1 1 1
ыды
1 1 1
ыдю
1 1 1
ыдя
1 1 1
ые
2 1 1 2 2
ыжа
1 1 1
ыже
1 1 1
ыжж
1 1 1
ыжи
1 1 1
ыжм
1 1 1
ыжо
1 1 1
ыжр
1 1 1
ыжу
1 1 1
ыза
1 1 1
ызв
1 1 1
ызд
1 1 1
ызе
1 1 1
ызо
1 1 1
ызр
1 1 1
ызу
1 1 1
ызы
1 1 1
ызя
1 1 1
ыи
2 1 1 2 2
ыка
1 1 1
ыке
1 1 1
ыки
1 1 1
ыко
1 1 1
ыку
1 1 1
ыла
1 1 1
ыле
1 1 1
ыли
1 1 1
ыло
1 1 1
ылу
1 1 1
ылы
1 1 1
ылье
1 1 1
ыльи
1 1 1
ылья
1 1 1
ылю
1 1 1
ыля
1 1 1
ыма
1 1 1
ыме
1 1 1
ыми
1 1 1
ымо
1 1 1
ыму
1 1 1
ымы
1 1 1
ымя
1 1 1
ына
1 1 1
ыне
1 1 1
ыни
1 1 1
ыно
1 1 1
ыну
1 1 1
ыны
1 1 1
ынье
1 1 1
ыньи
1 1 1
ынью
1 1 1
ынья
1 1 1
ыню
1 1 1
ыня
1 1 1
ыпа
1 1 1
ыпе
1 1 1
ыпи
1 1 1
ыпо
1 1 1
ыпу
1 1 1
ыпы
1 1 1
ыпье
1 1 1
ыпью
1 1 1
ыпя
1 1 1
ыра
1 1 1
ырв
1 1 1
ыре
1 1 1
ыри
1 1 1
ыро
1 1 1
ыру
1 1 1
ыры
1 1 1
ырье
1 1 1
ырью
1 1 1
ырья
1 1 1
ырю
1 1 1
ыря
1 1 1
ыса
1 1 1
ысе
1 1 1
ыси
1 1 1
ысо
1 1 1
ыст
1 1 1
ыста
1 1 1
ысте
1 1 1
ысти
1 1 1
ысту
1 1 1
ысты
1 1 1
ыстью
1 1 1
ысу
1 1 1
ысы
1 1 1
ысье
1 1 1
ысьи
1 1 1
ысью
1 1 1
ысья
1 1 1
ытр
2 1 1 6 2
ыта
1 1 1
ыте
1 1 1
ыти
1 1 1
ыто
1 1 1
ыту
1 1 1
ыты
1 1 1
ытье
1 1 1
ытьи
1 1 1
ытью
1 1 1
ытья
1 1 1
ытя
1 1 1
ыу
2 1 1 2 2
ыха
1 1 1
ыхе
1 1 1
ыхи
1 1 1
ыхо
1 1 1
ыху
1 1 1
ыц
1 1 1
ыца
1 1 1
ыце
1 1 1
ыча
1 1 1
ыче
1 1 1
ычи
1 1 1
ычу
1 1 1
ычье
1 1 1
ычьи
1 1 1
ычью
1 1 1
ычья
1 1 1
ыша
1 1 1
ыше
1 1 1
ыши
1 1 1
ышо
1 1 1
ышу
1 1 1
ышью
1 1 1
ышья
1 1 1
ыща
1 1 1
ыще
1 1 1
ыщи
1 1 1
ыщо
1 1 1
ыщу
1 1 1
ыя
2 1 1 2 2
ызвол
2 2 1 1 2
ыску
2 2 1 1 2
ысм
1 5 1
ышн
1 6 1
ыкв
1 1 2
ыкн
1 5 2
ымч
1 1 2
ыпле
1 1 2
ырех
1 2 3
ысмей
1 2 2
ыски
1 5 2
ыспа
1 6 2
ыспл
1 6 2
ышле
1 1 2
ьб
1 1 1
ьва
1 1 1
ьве
1 1 1
ьви
1 1 1
ьг
1 1 1
ьде
1 1 1
ьди
1 1 1
ьж
1 1 1
ьз
1 1 1
ьк
1 1 1
ьм
1 1 1
ьн
1 1 1
ьп
1 1 1
ьс
1 1 1
ьт
1 1 1
ьх
1 1 1
ьч
1 1 1
ьш
1 1 1
ьщ
1 1 1
ьэ
1 1 1
ькло
2 2 1 1 2
ьнул
1 2 1
ьсн
1 2 1
ьсти
1 2 1
ьстя
1 2 1
ьфра
2 2 1 1 2
ьдь
1 5 1
ьдя
1 5 1
ьфе
1 5 1
ьзн
1 6 1
ьзя.
1 6 1
ьмс
1 6 1
ьща
1 6 1
ьще
1 6 1
ьщу
1 6 1
ьдо
1 1 3
ькн
1 5 2
ьтис
1 5 3
ьхо
1 2 3
эля
1 1 1
энь
1 1 1
эо
1 1 1
эя
1 1 1
эд
1 2 1
эзи
1 5 1
эка
1 5 1
эке
1 5 1
элы
1 5 1
эри
1 5 1
эш
1 5 1
эв
1 6 1
эф
1 6 1
эдр
1 1 2
экв
1 1 2
экз
1 1 2
экл
1 1 2
экск
1 2 2
экс
1 1 3
экси
1 2 3
эль
1 5 3
эро
1 1 3
эск
1 1 2
эспа
1 2 2
эсм
1 5 2
юа
1 1 1
юб
1 1 1
юба
1 1 1
юбе
1 1 1
юби
1 1 1
юбо
1 1 1
юбу
1 1 1
юбы
1 1 1
юбя
1 1 1
юва
1 1 1
юве
1 1 1
юви
1 1 1
юво
1 1 1
юву
1 1 1
ювы
1 1 1
юга
1 1 1
юге
1 1 1
юги
1 1 1
юго
1 1 1
югу
1 1 1
юда
1 1 1
юде
1 1 1
юди
1 1 1
юдо
1 1 1
юду
1 1 1
юды
1 1 1
юдью
1 1 1
юдя
1 1 1
юе
1 1 1
южа
1 1 1
юже
1 1 1
южи
1 1 1
южо
1 1 1
южу
1 1 1
южье
1 1 1
южьи
1 1 1
южью
1 1 1
южья
1 1 1
юза
1 1 1
юзе
1 1 1
юзи
1 1 1
юзо
1 1 1
юзу
1 1 1
юзы
1 1 1
юзю
1 1 1
юзя
1 1 1
юи
1 1 1
юка
1 1 1
юке
1 1 1
юки
1 1 1
юко
1 1 1
юку
1 1 1
юла
1 1 1
юле
1 1 1
юло
1 1 1
юлу
1 1 1
юлы
1 1 1
юлю
1 1 1
юля
1 1 1
юма
1 1 1
юме
1 1 1
юми
1 1 1
юмо
1 1 1
юму
1 1 1
юмы
1 1 1
юна
1 1 1
юне
1 1 1
юни
1 1 1
юно
1 1 1
юну
1 1 1
юны
1 1 1
юню
1 1 1
юня
1 1 1
юо
1 1 1
юпа
1 1 1
юпи
1 1 1
юпо
1 1 1
юра
1 1 1
юре
1 1 1
юри
1 1 1
юро
1 1 1
юру
1 1 1
юры
1 1 1
юрю
1 1 1
юря
1 1 1
юса
1 1 1
юсе
1 1 1
юсо
1 1 1
юста
1 1 1
юсте
1 1 1
юсти
1 1 1
юстр
1 1 1
юсту
1 1 1
юсты
1 1 1
юстью
1 1 1
юстя
1 1 1
юсу
1 1 1
юсы
1 1 1
юсю
1 1 1
юта
1 1 1
юте
1 1 1
юти
1 1 1
юто
1 1 1
юту
1 1 1
юты
1 1 1
ютя
1 1 1
юфа
1 1 1
юфе
1 1 1
юфя
1 1 1
юха
1 1 1
юхе
1 1 1
юхи
1 1 1
юхо
1 1 1
юху
1 1 1
юце
1 1 1
юци
1 1 1
юша
1 1 1
юше
1 1 1
юши
1 1 1
юшо
1 1 1
юшу
1 1 1
юща
1 1 1
юще
1 1 1
ющи
1 1 1
ющо
1 1 1
ющу
1 1 1
юю
1 1 1
юя
1 1 1
юбч
1 2 1
юдж
2 2 1 1 2
юли
1 2 1
юск
2 2 1 1 2
юйд
2 2 2 1 3
юйдо
1 6 4
юкз
1 1 2
юкн
1 1 2
юмн
1 1 2
юмини
1 5 5
яба
1 1 1
ябе
1 1 1
яби
1 1 1
ябо
1 1 1
ябр
1 1 1
ябу
1 1 1
ябы
1 1 1
ябью
1 1 1
ябя
1 1 1
ява
1 1 1
яве
1 1 1
яви
1 1 1
яво
1 1 1
яву
1 1 1
явы
1 1 1
явью
1 1 1
явя
1 1 1
яга
1 1 1
яге
1 1 1
яги
1 1 1
яго
1 1 1
ягу
1 1 1
яда
1 1 1
яде
1 1 1
яди
1 1 1
ядо
1 1 1
яду
1 1 1
яды
1 1 1
ядью
1 1 1
ядю
1 1 1
ядя
1 1 1
яе
1 1 1
яжа
1 1 1
яже
1 1 1
яжи
1 1 1
яжо
1 1 1
яжу
1 1 1
яжье
1 1 1
яжьи
1 1 1
яжью
1 1 1
яжья
1 1 1
яза
1 1 1
язе
1 1 1
язи
1 1 1
язо
1 1 1
язу
1 1 1
язы
1 1 1
язью
1 1 1
язья
1 1 1
язю
1 1 1
язя
1 1 1
яи
1 1 1
яка
1 1 1
яке
1 1 1
яки
1 1 1
яко
1 1 1
яку
1 1 1
яла
1 1 1
яле
1 1 1
яли
1 1 1
яло
1 1 1
ялу
1 1 1
ялы
1 1 1
ялю
1 1 1
яля
1 1 1
яма
1 1 1
яме
1 1 1
ями
1 1 1
ямо
1 1 1
яму
1 1 1
ямы
1 1 1
ямя
1 1 1
яна
1 1 1
яне
1 1 1
яни
1 1 1
яно
1 1 1
яну
1 1 1
яны
1 1 1
янье
1 1 1
яньи
1 1 1
янью
1 1 1
янья
1 1 1
яню
1 1 1
яня
1 1 1
япа
1 1 1
япе
1 1 1
япи
1 1 1
япо
1 1 1
япу
1 1 1
япы
1 1 1
япье
1 1 1
япью
1 1 1
япья
1 1 1
япя
1 1 1
яра
1 1 1
яре
1 1 1
яри
1 1 1
яро
1 1 1
яру
1 1 1
яры
1 1 1
ярье
1 1 1
ярью
1 1 1
ярья
1 1 1
яря
1 1 1
яса
1 1 1
ясе
1 1 1
яси
1 1 1
ясо
1 1 1
яста
1 1 1
ясти
1 1 1
ясту
1 1 1
ясты
1 1 1
ястье
1 1 1
ястью
1 1 1
ястья
1 1 1
ясу
1 1 1
ясы
1 1 1
ята
1 1 1
яте
1 1 1
ято
1 1 1
яту
1 1 1
яты
1 1 1
ятье
1 1 1
ятью
1 1 1
ятья
1 1 1
ятю
1 1 1
ятя
1 1 1
яу
1 1 1
яха
1 1 1
яхе
1 1 1
яхи
1 1 1
яхо
1 1 1
яху
1 1 1
яца
1 1 1
яце
1 1 1
яци
1 1 1
яцу
1 1 1
яча
1 1 1
яче
1 1 1
ячи
1 1 1
ячу
1 1 1
ячье
1 1 1
ячьи
1 1 1
ячью
1 1 1
ячья
1 1 1
яша
1 1 1
яше
1 1 1
яши
1 1 1
яшо
1 1 1
яшу
1 1 1
яща
1 1 1
яще
1 1 1
ящи
1 1 1
ящо
1 1 1
ящу
1 1 1
яю
1 1 1
яя
1 1 1
явл
2 2 1 1 2
ястр
1 5 1
яти
1 5 1
ягл
1 1 2
ягн
1 5 2
язв
1 1 2
якн
1 1 2
яск
1 1 2
яст
1 6 2
ятв
1 1 2
яхле
1 1 2
а
1 1 1
е
1 1 1
и
1 1 1
о
1 1 1
у
1 1 1
ы
1 1 1
ь
1 1 1
э
1 1 1
ю
1 1 1
я
1 1 1
бп
3 2 0 3 1 2 2
бр
3 2 0 3 1 2 2
вж
3 2 0 3 1 2 2
вм
3 2 0 3 1 2 2
гв
3 2 0 3 1 2 2
гд
3 2 0 3 1 2 2
гж
3 2 0 3 1 2 2
гл
3 2 0 3 1 2 2
гн
3 2 0 3 1 2 2
гф
3 2 0 3 1 2 2
гх
3 2 0 3 1 2 2
гц
3 2 0 3 1 2 2
гщ
3 2 0 3 1 2 2
дв
3 2 0 3 1 2 2
дз
3 2 0 3 1 2 2
др
3 2 0 3 1 2 2
дц
3 2 0 3 1 2 2
дщ
3 2 0 3 1 2 2
жв
3 2 0 3 1 2 2
жм
3 2 0 3 1 2 2
жр
3 2 0 3 1 2 2
жф
3 2 0 3 1 2 2
жх
3 2 0 3 1 2 2
жш
3 2 0 3 1 2 2
жщ
3 2 0 3 1 2 2
зв
3 2 0 3 1 2 2
зд
3 2 0 3 1 2 2
зн
3 2 0 3 1 2 2
зр
3 2 0 3 1 2 2
зф
3 2 0 3 1 2 2
зх
3 2 0 3 1 2 2
зщ
3 2 0 3 1 2 2
кв
3 2 0 3 1 2 2
кз
3 2 0 3 1 2 2
кщ
3 2 0 3 1 2 2
лб
3 2 0 3 1 2 2
лж
3 2 0 3 1 2 2
лз
3 2 0 3 1 2 2
лр
3 2 0 3 1 2 2
лч
3 2 0 3 1 2 2
мд
3 2 0 3 1 2 2
мн
3 2 0 3 1 2 2
мр
3 2 0 3 1 2 2
мч
3 2 0 3 1 2 2
мщ
3 2 0 3 1 2 2
нр
3 2 0 3 1 2 2
пб
3 2 0 3 1 2 2
пв
3 2 0 3 1 2 2
пг
3 2 0 3 1 2 2
пж
3 2 0 3 1 2 2
пз
3 2 0 3 1 2 2
пл
3 2 0 3 1 2 2
пс
3 2 0 3 1 2 2
пт
3 2 0 3 1 2 2
пх
3 2 0 3 1 2 2
рв
3 2 0 3 1 2 2
рз
3 2 0 3 1 2 2
рт
3 2 0 3 1 2 2
рх
3 2 0 3 1 2 2
сб
3 2 0 3 1 2 2
сд
3 2 0 3 1 2 2
ск
3 2 0 3 1 2 2
см
3 2 0 3 1 2 2
сп
3 2 0 3 1 2 2
ст
3 2 0 3 1 2 2
сф
3 2 0 3 1 2 2
сх
3 2 0 3 1 2 2
сч
3 2 0 3 1 2 2
тв
3 2 0 3 1 2 2
тл
3 2 0 3 1 2 2
тр
3 2 0 3 1 2 2
тх
3 2 0 3 1 2 2
фд
3 2 0 3 1 2 2
фж
3 2 0 3 1 2 2
фз
3 2 0 3 1 2 2
фп
3 2 0 3 1 2 2
фх
3 2 0 3 1 2 2
фц
3 2 0 3 1 2 2
фч
3 2 0 3 1 2 2
фщ
3 2 0 3 1 2 2
хж
3 2 0 3 1 2 2
хл
3 2 0 3 1 2 2
хм
3 2 0 3 1 2 2
хщ
3 2 0 3 1 2 2
цж
3 2 0 3 1 2 2
цф
3 2 0 3 1 2 2
цх
3 2 0 3 1 2 2
цч
3 2 0 3 1 2 2
цш
3 2 0 3 1 2 2
цщ
3 2 0 3 1 2 2
чб
3 2 0 3 1 2 2
чг
3 2 0 3 1 2 2
чд
3 2 0 3 1 2 2
чж
3 2 0 3 1 2 2
чз
3 2 0 3 1 2 2
чл
3 2 0 3 1 2 2
чп
3 2 0 3 1 2 2
чр
3 2 0 3 1 2 2
чф
3 2 0 3 1 2 2
чц
3 2 0 3 1 2 2
чщ
3 2 0 3 1 2 2
шг
3 2 0 3 1 2 2
шд
3 2 0 3 1 2 2
шж
3 2 0 3 1 2 2
шз
3 2 0 3 1 2 2
шл
3 2 0 3 1 2 2
шп
3 2 0 3 1 2 2
шр
3 2 0 3 1 2 2
шт
3 2 0 3 1 2 2
шх
3 2 0 3 1 2 2
шш
3 2 0 3 1 2 2
шщ
3 2 0 3 1 2 2
щб
3 2 0 3 1 2 2
щв
3 2 0 3 1 2 2
щг
3 2 0 3 1 2 2
щд
3 2 0 3 1 2 2
щж
3 2 0 3 1 2 2
щз
3 2 0 3 1 2 2
щк
3 2 0 3 1 2 2
щл
3 2 0 3 1 2 2
щм
3 2 0 3 1 2 2
щп
3 2 0 3 1 2 2
щр
3 2 0 3 1 2 2
щс
3 2 0 3 1 2 2
щт
3 2 0 3 1 2 2
щф
3 2 0 3 1 2 2
щх
3 2 0 3 1 2 2
щц
3 2 0 3 1 2 2
щч
3 2 0 3 1 2 2
щш
3 2 0 3 1 2 2
щщ
3 2 0 3 1 2 2
.добд
2 5 3 4 4
.забд
2 5 3 4 4
.небд
2 5 3 4 4
.нибд
2 5 3 4 4
.побд
2 5 3 4 4
.безбл
3 2 3 5 4 4 5
.возбл
3 2 3 5 4 4 5
.добл
2 5 3 4 4
.забл
2 5 3 4 4
.небл
2 5 3 4 4
.нибл
2 5 3 4 4
.низбл
3 2 3 5 4 4 5
.побл
2 5 3 4 4
.подбл
3 2 3 5 4 4 5
.прибл
2 5 4 4 5
.пребл
2 5 4 4 5
.разбл
3 2 3 5 4 4 5
.безбр
3 2 3 5 4 4 5
.вобр
2 5 3 4 4
.возбр
3 2 3 5 4 4 5
.добр
2 5 3 4 4
.забр
2 5 3 4 4
.небр
2 5 3 4 4
.нибр
2 5 3 4 4
.низбр
3 2 3 5 4 4 5
.побр
2 5 3 4 4
.подбр
3 2 3 5 4 4 5
.прибр
2 5 4 4 5
.пребр
2 5 4 4 5
.преобр
2 5 5 4 6
.разбр
3 2 3 5 4 4 5
.довб
2 5 3 4 4
.повб
2 5 3 4 4
.довв
2 5 3 4 4
.довд
2 5 3 4 4
.невд
2 5 3 4 4
.довз
2 5 3 4 4
.превз
2 5 4 4 5
.довк
2 5 3 4 4
.невк
2 5 3 4 4
.довл
2 5 3 4 4
.невл
2 5 3 4 4
.нивл
2 5 3 4 4
.повл
2 5 3 4 4
.привл
2 5 4 4 5
.превл
2 5 4 4 5
.развл
3 2 3 5 4 4 5
.невм
2 5 3 4 4
.безвр
3 2 3 5 4 4 5
.вовр
2 5 3 4 4
.возвр
3 2 3 5 4 4 5
.довр
2 5 3 4 4
.завр
2 5 3 4 4
.невр
2 5 3 4 4
.нивр
2 5 3 4 4
.низвр
3 2 3 5 4 4 5
.повр
2 5 3 4 4
.подвр
3 2 3 5 4 4 5
.привр
2 5 4 4 5
.превр
2 5 4 4 5
.развр
3 2 3 5 4 4 5
.невх
2 5 3 4 4
.невш
2 5 3 4 4
.привш
2 5 4 4 5
.безгл
3 2 3 5 4 4 5
.вогл
2 5 3 4 4
.возгл
3 2 3 5 4 4 5
.догл
2 5 3 4 4
.загл
2 5 3 4 4
.негл
2 5 3 4 4
.нигл
2 5 3 4 4
.низгл
3 2 3 5 4 4 5
.погл
2 5 3 4 4
.подгл
3 2 3 5 4 4 5
.пригл
2 5 4 4 5
.прегл
2 5 4 4 5
.разгл
3 2 3 5 4 4 5
.безгн
3 2 3 5 4 4 5
.вогн
2 5 3 4 4
.возгн
3 2 3 5 4 4 5
.догн
2 5 3 4 4
.загн
2 5 3 4 4
.негн
2 5 3 4 4
.нигн
2 5 3 4 4
.низгн
3 2 3 5 4 4 5
.погн
2 5 3 4 4
.подгн
3 2 3 5 4 4 5
.прегн
2 5 4 4 5
.разгн
3 2 3 5 4 4 5
.безгр
3 2 3 5 4 4 5
.вогр
2 5 3 4 4
.возгр
3 2 3 5 4 4 5
.догр
2 5 3 4 4
.загр
2 5 3 4 4
.нигр
2 5 3 4 4
.низгр
3 2 3 5 4 4 5
.погр
2 5 3 4 4
.подгр
3 2 3 5 4 4 5
.пригр
2 5 4 4 5
.прегр
2 5 4 4 5
.разгр
3 2 3 5 4 4 5
.бездв
3 2 3 5 4 4 5
.водв
2 5 3 4 4
.воздв
3 2 3 5 4 4 5
.додв
2 5 3 4 4
.задв
2 5 3 4 4
.недв
2 5 3 4 4
.нидв
2 5 3 4 4
.низдв
3 2 3 5 4 4 5
.поддв
3 2 3 5 4 4 5
.придв
2 5 4 4 5
.раздв
3 2 3 5 4 4 5
.бездр
3 2 3 5 4 4 5
.водр
2 5 3 4 4
.воздр
3 2 3 5 4 4 5
.додр
2 5 3 4 4
.задр
2 5 3 4 4
.недр
2 5 3 4 4
.нидр
2 5 3 4 4
.низдр
3 2 3 5 4 4 5
.поддр
3 2 3 5 4 4 5
.придр
2 5 4 4 5
.раздр
3 2 3 5 4 4 5
.дожд
2 5 3 4 4
.зажд
2 5 3 4 4
.нежд
2 5 3 4 4
.возжж
3 2 3 5 4 4 5
.разжж
3 2 3 5 4 4 5
.разжз
3 2 3 5 4 4 5
.дожм
2 5 3 4 4
.зажм
2 5 3 4 4
.прижм
2 5 4 4 5
.зажр
2 5 3 4 4
.пожр
2 5 3 4 4
.беззв
3 2 3 5 4 4 5
.воззв
3 2 3 5 4 4 5
.дозв
2 5 3 4 4
.зазв
2 5 3 4 4
.незв
2 5 3 4 4
.позв
2 5 3 4 4
.призв
2 5 4 4 5
.раззв
3 2 3 5 4 4 5
.беззл
3 2 3 5 4 4 5
.воззл
3 2 3 5 4 4 5
.незл
2 5 3 4 4
.позл
2 5 3 4 4
.презл
2 5 4 4 5
.раззл
3 2 3 5 4 4 5
.беззн
3 2 3 5 4 4 5
.дозн
2 5 3 4 4
.незн
2 5 3 4 4
.позн
2 5 3 4 4
.призн
2 5 4 4 5
.воззр
3 2 3 5 4 4 5
.дозр
2 5 3 4 4
.зазр
2 5 3 4 4
.незр
2 5 3 4 4
.позр
2 5 3 4 4
.призр
2 5 4 4 5
.презр
2 5 4 4 5
.бескв
3 2 3 5 4 4 5
.докв
2 5 3 4 4
.закв
2 5 3 4 4
.некв
2 5 3 4 4
.покв
2 5 3 4 4
.подкв
3 2 3 5 4 4 5
.бескл
3 2 3 5 4 4 5
.вокл
2 5 3 4 4
.воскл
3 2 3 5 4 4 5
.докл
2 5 3 4 4
.закл
2 5 3 4 4
.некл
2 5 3 4 4
.нискл
3 2 3 5 4 4 5
.покл
2 5 3 4 4
.подкл
3 2 3 5 4 4 5
.прикл
2 5 4 4 5
.прекл
2 5 4 4 5
.раскл
3 2 3 5 4 4 5
.бескн
3 2 3 5 4 4 5
.некн
2 5 3 4 4
.раскн
3 2 3 5 4 4 5
.бескр
3 2 3 5 4 4 5
.вокр
2 5 3 4 4
.воскр
3 2 3 5 4 4 5
.докр
2 5 3 4 4
.закр
2 5 3 4 4
.некр
2 5 3 4 4
.никр
2 5 3 4 4
.нискр
3 2 3 5 4 4 5
.покр
2 5 3 4 4
.подкр
3 2 3 5 4 4 5
.прикр
2 5 4 4 5
.прекр
2 5 4 4 5
.раскр
3 2 3 5 4 4 5
.бесмл
3 2 3 5 4 4 5
.восмл
3 2 3 5 4 4 5
.домл
2 5 3 4 4
.немл
2 5 3 4 4
.премл
2 5 4 4 5
.размл
3 2 3 5 4 4 5
.немн
2 5 3 4 4
.помн
2 5 3 4 4
.подмн
3 2 3 5 4 4 5
.премн
2 5 4 4 5
.размн
3 2 3 5 4 4 5
.безмр
3 2 3 5 4 4 5
.замр
2 5 3 4 4
.немр
2 5 3 4 4
.помр
2 5 3 4 4
.примр
2 5 4 4 5
.премр
2 5 4 4 5
.домч
2 5 3 4 4
.помч
2 5 3 4 4
.примч
2 5 4 4 5
.замш
2 5 3 4 4
.немш
2 5 3 4 4
.безнр
3 2 3 5 4 4 5
.вознр
3 2 3 5 4 4 5
.понр
2 5 3 4 4
.беспл
3 2 3 5 4 4 5
.воспл
3 2 3 5 4 4 5
.допл
2 5 3 4 4
.запл
2 5 3 4 4
.непл
2 5 3 4 4
.нипл
2 5 3 4 4
.ниспл
3 2 3 5 4 4 5
.попл
2 5 3 4 4
.подпл
3 2 3 5 4 4 5
.припл
2 5 4 4 5
.препл
2 5 4 4 5
.распл
3 2 3 5 4 4 5
.беспр
3 2 3 5 4 4 5
.вопр
2 5 3 4 4
.воспр
3 2 3 5 4 4 5
.допр
2 5 3 4 4
.запр
2 5 3 4 4
.непр
2 5 3 4 4
.нипр
2 5 3 4 4
.ниспр
3 2 3 5 4 4 5
.попр
2 5 3 4 4
.подпр
3 2 3 5 4 4 5
.припр
2 5 4 4 5
.препр
2 5 4 4 5
.распр
3 2 3 5 4 4 5
.непщ
2 5 3 4 4
.ворв
2 5 3 4 4
.дорв
2 5 3 4 4
.зарв
2 5 3 4 4
.порв
2 5 3 4 4
.прерв
2 5 4 4 5
.зард
2 5 3 4 4
.досб
2 5 3 4 4
.засб
2 5 3 4 4
.посб
2 5 3 4 4
.подсб
3 2 3 5 4 4 5
.присб
2 5 4 4 5
.бессв
3 2 3 5 4 4 5
.восв
2 5 3 4 4
.засв
2 5 3 4 4
.несв
2 5 3 4 4
.посв
2 5 3 4 4
.присв
2 5 4 4 5
.пресв
2 5 4 4 5
.преосв
2 5 5 4 6
.досд
2 5 3 4 4
.несд
2 5 3 4 4
.доск
2 5 3 4 4
.неск
2 5 3 4 4
.поск
2 5 3 4 4
.подск
3 2 3 5 4 4 5
.преск
2 5 4 4 5
.бессл
3 2 3 5 4 4 5
.восл
2 5 3 4 4
.воссл
3 2 3 5 4 4 5
.досл
2 5 3 4 4
.засл
2 5 3 4 4
.несл
2 5 3 4 4
.нисл
2 5 3 4 4
.ниссл
3 2 3 5 4 4 5
.посл
2 5 3 4 4
.подсл
3 2 3 5 4 4 5
.присл
2 5 4 4 5
.пресл
2 5 4 4 5
.рассл
3 2 3 5 4 4 5
.бессм
3 2 3 5 4 4 5
.восм
2 5 3 4 4
.воссм
3 2 3 5 4 4 5
.засм
2 5 3 4 4
.несм
2 5 3 4 4
.нисм
2 5 3 4 4
.ниссм
3 2 3 5 4 4 5
.посм
2 5 3 4 4
.подсм
3 2 3 5 4 4 5
.присм
2 5 4 4 5
.пресм
2 5 4 4 5
.рассм
3 2 3 5 4 4 5
.бессн
3 2 3 5 4 4 5
.восн
2 5 3 4 4
.воссн
3 2 3 5 4 4 5
.досн
2 5 3 4 4
.засн
2 5 3 4 4
.несн
2 5 3 4 4
.нисн
2 5 3 4 4
.ниссн
3 2 3 5 4 4 5
.посн
2 5 3 4 4
.подсн
3 2 3 5 4 4 5
.присн
2 5 4 4 5
.пресн
2 5 4 4 5
.рассн
3 2 3 5 4 4 5
.бессп
3 2 3 5 4 4 5
.досп
2 5 3 4 4
.засп
2 5 3 4 4
.несп
2 5 3 4 4
.посп
2 5 3 4 4
.подсп
3 2 3 5 4 4 5
.присп
2 5 4 4 5
.пресп
2 5 4 4 5
.бесср
3 2 3 5 4 4 5
.доср
2 5 3 4 4
.заср
2 5 3 4 4
.неср
2 5 3 4 4
.поср
2 5 3 4 4
.подср
3 2 3 5 4 4 5
.преср
2 5 4 4 5
.бесст
3 2 3 5 4 4 5
.бесстр
4 2 3 3 4 5 5 6 6
.восст
3 2 3 5 4 4 5
.дост
2 5 3 4 4
.заст
2 5 3 4 4
.нест
2 5 3 4 4
.пост
2 5 3 4 4
.подст
3 2 3 5 4 4 5
.прист
2 5 4 4 5
.прест
2 5 4 4 5
.расст
3 2 3 5 4 4 5
.бессч
3 2 3 5 4 4 5
.досч
2 5 3 4 4
.несч
2 5 3 4 4
.посч
2 5 3 4 4
.подсч
3 2 3 5 4 4 5
.рассч
3 2 3 5 4 4 5
.затв
2 5 3 4 4
.нетв
2 5 3 4 4
.потв
2 5 3 4 4
.притв
2 5 4 4 5
.претв
2 5 4 4 5
.раств
3 2 3 5 4 4 5
.бестл
3 2 3 5 4 4 5
.дотл
2 5 3 4 4
.затл
2 5 3 4 4
.нетл
2 5 3 4 4
.претл
2 5 4 4 5
.растл
3 2 3 5 4 4 5
.вотр
2 5 3 4 4
.востр
3 2 3 5 4 4 5
.дотр
2 5 3 4 4
.затр
2 5 3 4 4
.нетр
2 5 3 4 4
.потр
2 5 3 4 4
.притр
2 5 4 4 5
.бесхв
3 2 3 5 4 4 5
.восхв
3 2 3 5 4 4 5
.захв
2 5 3 4 4
.нехв
2 5 3 4 4
.похв
2 5 3 4 4
.бесхл
3 2 3 5 4 4 5
.захл
2 5 3 4 4
.нехл
2 5 3 4 4
.похл
2 5 3 4 4
.подхл
3 2 3 5 4 4 5
.прихл
2 5 4 4 5
.прехл
2 5 4 4 5
.расхл
3 2 3 5 4 4 5
.восхр
3 2 3 5 4 4 5
.захр
2 5 3 4 4
.нехр
2 5 3 4 4
.похр
2 5 3 4 4
.подхр
3 2 3 5 4 4 5
.прихр
2 5 4 4 5
.прехр
2 5 4 4 5
.расхр
3 2 3 5 4 4 5
.бесцв
3 2 3 5 4 4 5
.воцв
2 5 3 4 4
.доцв
2 5 3 4 4
.зацв
2 5 3 4 4
.нецв
2 5 3 4 4
.поцв
2 5 3 4 4
.подцв
3 2 3 5 4 4 5
.прицв
2 5 4 4 5
.прецв
2 5 4 4 5
.расцв
3 2 3 5 4 4 5
.расчл
3 2 3 5 4 4 5
.бесчр
3 2 3 5 4 4 5
.дочт
2 5 3 4 4
.зачт
2 5 3 4 4
.нечт
2 5 3 4 4
.ничт
2 5 3 4 4
.причт
2 5 4 4 5
.дошк
2 5 3 4 4
.нешк
2 5 3 4 4
.бесшл
3 2 3 5 4 4 5
.бесшр
3 2 3 5 4 4 5
.набр
2 5 3 4 4
.надбр
2 5 4 4 5
.собр
2 5 3 4 4
.совв
2 5 3 4 4
.навл
2 5 3 4 4
.надвл
2 5 4 4 5
.совл
2 5 3 4 4
.совм
2 5 3 4 4
.совн
2 5 3 4 4
.навр
2 5 3 4 4
.надвр
2 5 4 4 5
.совр
2 5 3 4 4
.совс
2 5 3 4 4
.надгл
2 5 4 4 5
.согл
2 5 3 4 4
.нагн
2 5 3 4 4
.согн
2 5 3 4 4
.нагр
2 5 3 4 4
.надгр
2 5 4 4 5
.согр
2 5 3 4 4
.содр
2 5 3 4 4
.нажм
2 5 3 4 4
.сожм
2 5 3 4 4
.сожн
2 5 3 4 4
.сожр
2 5 3 4 4
.назв
2 5 3 4 4
.созв
2 5 3 4 4
.назн
2 5 3 4 4
.созн
2 5 3 4 4
.созр
2 5 3 4 4
.сокв
2 5 3 4 4
.накл
2 5 3 4 4
.надкл
2 5 4 4 5
.сокл
2 5 3 4 4
.сокн
2 5 3 4 4
.накр
2 5 3 4 4
.надкр
2 5 4 4 5
.сокр
2 5 3 4 4
.солг
2 5 3 4 4
.сомк
2 5 3 4 4
.намл
2 5 3 4 4
.надмл
2 5 4 4 5
.сомл
2 5 3 4 4
.надмн
2 5 4 4 5
.сомн
2 5 3 4 4
.сонр
2 5 3 4 4
.напл
2 5 3 4 4
.надпл
2 5 4 4 5
.напр
2 5 3 4 4
.надпр
2 5 4 4 5
.сопр
2 5 3 4 4
.нарв
2 5 3 4 4
.надорв
2 5 5 4 6
.сорв
2 5 3 4 4
.насв
2 5 3 4 4
.надсв
2 5 4 4 5
.сосв
2 5 3 4 4
.наск
2 5 3 4 4
.надск
2 5 4 4 5
.насл
2 5 3 4 4
.надсл
2 5 4 4 5
.сосл
2 5 3 4 4
.наст
2 5 3 4 4
.надст
2 5 4 4 5
.сост
2 5 3 4 4
.натв
2 5 3 4 4
.сотв
2 5 3 4 4
.натр
2 5 3 4 4
.всебл
2 5 4 4 5
.всевл
2 5 4 4 5
.всевр
2 5 4 4 5
.всегл
2 5 4 4 5
.всегн
2 5 4 4 5
.всегр
2 5 4 4 5
.вседв
2 5 4 4 5
.вседр
2 5 4 4 5
.всезл
2 5 4 4 5
.всезр
2 5 4 4 5
.всекл
2 5 4 4 5
.всекр
2 5 4 4 5
.всемл
2 5 4 4 5
.всемн
2 5 4 4 5
.всемр
2 5 4 4 5
.всепл
2 5 4 4 5
.всепр
2 5 4 4 5
.всерв
2 5 4 4 5
.всесв
2 5 4 4 5
.всеск
2 5 4 4 5
.всесл
2 5 4 4 5
.всесм
2 5 4 4 5
.всесн
2 5 4 4 5
.всесп
2 5 4 4 5
.всеср
2 5 4 4 5
.всест
2 5 4 4 5
.всетв
2 5 4 4 5
.всетл
2 5 4 4 5
.всецв
2 5 4 4 5
.пробр
2 5 4 4 5
.провл
2 5 4 4 5
.провр
2 5 4 4 5
.прогл
2 5 4 4 5
.прогн
2 5 4 4 5
.прогр
2 5 4 4 5
.продв
2 5 4 4 5
.продр
2 5 4 4 5
.прозл
2 5 4 4 5
.прозр
2 5 4 4 5
.прокл
2 5 4 4 5
.прокр
2 5 4 4 5
.промн
2 5 4 4 5
.пропл
2 5 4 4 5
.пропр
2 5 4 4 5
.прорв
2 5 4 4 5
.просв
2 5 4 4 5
.проск
2 5 4 4 5
.просм
2 5 4 4 5
.просн
2 5 4 4 5
.просп
2 5 4 4 5
.проср
2 5 4 4 5
.протв
2 5 4 4 5
.протл
2 5 4 4 5
.прохл
2 5 4 4 5
.процв
2 5 4 4 5
.недобд
2 5 5 4 6
.незабд
2 5 5 4 6
.непобд
2 5 5 4 6
.небезбл
3 2 5 5 6 4 7
.невобл
2 5 5 4 6
.невозбл
3 2 5 5 6 4 7
.недобл
2 5 5 4 6
.незабл
2 5 5 4 6
.ненизбл
3 2 5 5 6 4 7
.непобл
2 5 5 4 6
.неподбл
3 2 5 5 6 4 7
.неприбл
2 5 6 4 7
.непребл
2 5 6 4 7
.неразбл
3 2 5 5 6 4 7
.небезбр
3 2 5 5 6 4 7
.невобр
2 5 5 4 6
.невозбр
3 2 5 5 6 4 7
.недобр
2 5 5 4 6
.незабр
2 5 5 4 6
.ненизбр
3 2 5 5 6 4 7
.непобр
2 5 5 4 6
.неподбр
3 2 5 5 6 4 7
.неприбр
2 5 6 4 7
.непребр
2 5 6 4 7
.неразбр
3 2 5 5 6 4 7
.недовб
2 5 5 4 6
.неповб
2 5 5 4 6
.недовв
2 5 5 4 6
.недовд
2 5 5 4 6
.недовз
2 5 5 4 6
.непревз
2 5 6 4 7
.недовк
2 5 5 4 6
.недовл
2 5 5 4 6
.неповл
2 5 5 4 6
.непривл
2 5 6 4 7
.непревл
2 5 6 4 7
.неразвл
3 2 5 5 6 4 7
.небезвр
3 2 5 5 6 4 7
.невовр
2 5 5 4 6
.невозвр
3 2 5 5 6 4 7
.недовр
2 5 5 4 6
.незавр
2 5 5 4 6
.ненизвр
3 2 5 5 6 4 7
.неповр
2 5 5 4 6
.неподвр
3 2 5 5 6 4 7
.непривр
2 5 6 4 7
.непревр
2 5 6 4 7
.неразвр
3 2 5 5 6 4 7
.неневх
2 5 5 4 6
.непривш
2 5 6 4 7
.небезгл
3 2 5 5 6 4 7
.невогл
2 5 5 4 6
.невозгл
3 2 5 5 6 4 7
.недогл
2 5 5 4 6
.незагл
2 5 5 4 6
.ненизгл
3 2 5 5 6 4 7
.непогл
2 5 5 4 6
.неподгл
3 2 5 5 6 4 7
.непригл
2 5 6 4 7
.непрегл
2 5 6 4 7
.неразгл
3 2 5 5 6 4 7
.небезгн
3 2 5 5 6 4 7
.невогн
2 5 5 4 6
.невозгн
3 2 5 5 6 4 7
.недогн
2 5 5 4 6
.незагн
2 5 5 4 6
.ненизгн
3 2 5 5 6 4 7
.непогн
2 5 5 4 6
.неподгн
3 2 5 5 6 4 7
.непригн
2 5 6 4 7
.непрегн
2 5 6 4 7
.неразгн
3 2 5 5 6 4 7
.небезгр
3 2 5 5 6 4 7
.невогр
2 5 5 4 6
.невозгр
3 2 5 5 6 4 7
.недогр
2 5 5 4 6
.незагр
2 5 5 4 6
.ненизгр
3 2 5 5 6 4 7
.непогр
2 5 5 4 6
.неподгр
3 2 5 5 6 4 7
.непригр
2 5 6 4 7
.непрегр
2 5 6 4 7
.неразгр
3 2 5 5 6 4 7
.небездв
3 2 5 5 6 4 7
.неводв
2 5 5 4 6
.невоздв
3 2 5 5 6 4 7
.недодв
2 5 5 4 6
.незадв
2 5 5 4 6
.нениздв
3 2 5 5 6 4 7
.неподв
2 5 5 4 6
.неподдв
3 2 5 5 6 4 7
.непридв
2 5 6 4 7
.нераздв
3 2 5 5 6 4 7
.небездр
3 2 5 5 6 4 7
.неводр
2 5 5 4 6
.невоздр
3 2 5 5 6 4 7
.недодр
2 5 5 4 6
.незадр
2 5 5 4 6
.нениздр
3 2 5 5 6 4 7
.неподр
2 5 5 4 6
.неподдр
3 2 5 5 6 4 7
.непридр
2 5 6 4 7
.нераздр
3 2 5 5 6 4 7
.недожд
2 5 5 4 6
.незажд
2 5 5 4 6
.невозжж
3 2 5 5 6 4 7
.неразжж
3 2 5 5 6 4 7
.неразжз
3 2 5 5 6 4 7
.недожм
2 5 5 4 6
.незажм
2 5 5 4 6
.неприжм
2 5 6 4 7
.незажр
2 5 5 4 6
.непожр
2 5 5 4 6
.небеззв
3 2 5 5 6 4 7
.невозв
2 5 5 4 6
.невоззв
3 2 5 5 6 4 7
.недозв
2 5 5 4 6
.незазв
2 5 5 4 6
.непозв
2 5 5 4 6
.непризв
2 5 6 4 7
.нераззв
3 2 5 5 6 4 7
.небеззл
3 2 5 5 6 4 7
.невоззл
3 2 5 5 6 4 7
.непозл
2 5 5 4 6
.непрезл
2 5 6 4 7
.нераззл
3 2 5 5 6 4 7
.небеззн
3 2 5 5 6 4 7
.недозн
2 5 5 4 6
.непозн
2 5 5 4 6
.непризн
2 5 6 4 7
.невоззр
3 2 5 5 6 4 7
.недозр
2 5 5 4 6
.незазр
2 5 5 4 6
.непозр
2 5 5 4 6
.непризр
2 5 6 4 7
.непрезр
2 5 6 4 7
.небезкв
3 2 5 5 6 4 7
.недокв
2 5 5 4 6
.незакв
2 5 5 4 6
.непокв
2 5 5 4 6
.неподкв
3 2 5 5 6 4 7
.небескл
3 2 5 5 6 4 7
.невокл
2 5 5 4 6
.невоскл
3 2 5 5 6 4 7
.недокл
2 5 5 4 6
.незакл
2 5 5 4 6
.ненискл
3 2 5 5 6 4 7
.непокл
2 5 5 4 6
.неподкл
3 2 5 5 6 4 7
.неприкл
2 5 6 4 7
.непрекл
2 5 6 4 7
.нераскл
3 2 5 5 6 4 7
.небескн
3 2 5 5 6 4 7
.нераскн
3 2 5 5 6 4 7
.небескр
3 2 5 5 6 4 7
.невокр
2 5 5 4 6
.невоскр
3 2 5 5 6 4 7
.недокр
2 5 5 4 6
.незакр
2 5 5 4 6
.ненискр
3 2 5 5 6 4 7
.непокр
2 5 5 4 6
.неподкр
3 2 5 5 6 4 7
.неприкр
2 5 6 4 7
.непрекр
2 5 6 4 7
.неразкр
3 2 5 5 6 4 7
.небезмл
3 2 5 5 6 4 7
.невозмл
3 2 5 5 6 4 7
.недомл
2 5 5 4 6
.непремл
2 5 6 4 7
.неразмл
3 2 5 5 6 4 7
.непомн
2 5 5 4 6
.неподмн
3 2 5 5 6 4 7
.непримн
2 5 6 4 7
.непремн
2 5 6 4 7
.неразмн
3 2 5 5 6 4 7
.небезмр
3 2 5 5 6 4 7
.недомр
2 5 5 4 6
.незамр
2 5 5 4 6
.непомр
2 5 5 4 6
.непримр
2 5 6 4 7
.непремр
2 5 6 4 7
.недомч
2 5 5 4 6
.непомч
2 5 5 4 6
.непримч
2 5 6 4 7
.незамш
2 5 5 4 6
.небезнр
3 2 5 5 6 4 7
.невознр
3 2 5 5 6 4 7
.непонр
2 5 5 4 6
.небеспл
3 2 5 5 6 4 7
.невопл
2 5 5 4 6
.невоспл
3 2 5 5 6 4 7
.недопл
2 5 5 4 6
.незапл
2 5 5 4 6
.нениспл
3 2 5 5 6 4 7
.непопл
2 5 5 4 6
.неподпл
3 2 5 5 6 4 7
.неприпл
2 5 6 4 7
.непрепл
2 5 6 4 7
.нераспл
3 2 5 5 6 4 7
.незапн
2 5 5 4 6
.небеспр
3 2 5 5 6 4 7
.невопр
2 5 5 4 6
.невоспр
3 2 5 5 6 4 7
.недопр
2 5 5 4 6
.незапр
2 5 5 4 6
.нениспр
3 2 5 5 6 4 7
.непопр
2 5 5 4 6
.неподпр
3 2 5 5 6 4 7
.неприпр
2 5 6 4 7
.непрепр
2 5 6 4 7
.нераспр
3 2 5 5 6 4 7
.неворв
2 5 5 4 6
.недорв
2 5 5 4 6
.незарв
2 5 5 4 6
.непорв
2 5 5 4 6
.непрерв
2 5 6 4 7
.незард
2 5 5 4 6
.недосб
2 5 5 4 6
.незасб
2 5 5 4 6
.непосб
2 5 5 4 6
.неподсб
3 2 5 5 6 4 7
.неприсб
2 5 6 4 7
.небессв
3 2 5 5 6 4 7
.невосв
2 5 5 4 6
.незасв
2 5 5 4 6
.непосв
2 5 5 4 6
.неприсв
2 5 6 4 7
.непресв
2 5 6 4 7
.недосд
2 5 5 4 6
.недоск
2 5 5 4 6
.непоск
2 5 5 4 6
.неподск
3 2 5 5 6 4 7
.неприск
2 5 6 4 7
.непреск
2 5 6 4 7
.небессл
3 2 5 5 6 4 7
.невосл
2 5 5 4 6
.невоссл
3 2 5 5 6 4 7
.недосл
2 5 5 4 6
.незасл
2 5 5 4 6
.нениссл
3 2 5 5 6 4 7
.непосл
2 5 5 4 6
.неподсл
3 2 5 5 6 4 7
.неприсл
2 5 6 4 7
.непресл
2 5 6 4 7
.нерассл
3 2 5 5 6 4 7
.небессм
3 2 5 5 6 4 7
.невосм
2 5 5 4 6
.невоссм
3 2 5 5 6 4 7
.недосм
2 5 5 4 6
.незасм
2 5 5 4 6
.нениссм
3 2 5 5 6 4 7
.непосм
2 5 5 4 6
.неподсм
3 2 5 5 6 4 7
.неприсм
2 5 6 4 7
.непресм
2 5 6 4 7
.нерассм
3 2 5 5 6 4 7
.небессн
3 2 5 5 6 4 7
.невосн
2 5 5 4 6
.невоссн
3 2 5 5 6 4 7
.недосн
2 5 5 4 6
.незасн
2 5 5 4 6
.нениссн
3 2 5 5 6 4 7
.непосн
2 5 5 4 6
.неподсн
3 2 5 5 6 4 7
.неприсн
2 5 6 4 7
.непресн
2 5 6 4 7
.нерассн
3 2 5 5 6 4 7
.недосп
2 5 5 4 6
.незасп
2 5 5 4 6
.непосп
2 5 5 4 6
.неподсп
3 2 5 5 6 4 7
.неприсп
2 5 6 4 7
.непресп
2 5 6 4 7
.небесср
3 2 5 5 6 4 7
.недоср
2 5 5 4 6
.незаср
2 5 5 4 6
.непоср
2 5 5 4 6
.неподср
3 2 5 5 6 4 7
.непреср
2 5 6 4 7
.небесст
3 2 5 5 6 4 7
.невост
2 5 5 4 6
.невосст
3 2 5 5 6 4 7
.недост
2 5 5 4 6
.незаст
2 5 5 4 6
.непост
2 5 5 4 6
.неподст
3 2 5 5 6 4 7
.неприст
2 5 6 4 7
.непрест
2 5 6 4 7
.нерасст
3 2 5 5 6 4 7
.небессч
3 2 5 5 6 4 7
.недосч
2 5 5 4 6
.непосч
2 5 5 4 6
.неподсч
3 2 5 5 6 4 7
.нерассч
3 2 5 5 6 4 7
.незатв
2 5 5 4 6
.непотв
2 5 5 4 6
.непритв
2 5 6 4 7
.непретв
2 5 6 4 7
.нераств
3 2 5 5 6 4 7
.небестл
3 2 5 5 6 4 7
.недотл
2 5 5 4 6
.незатл
2 5 5 4 6
.непотл
2 5 5 4 6
.непретл
2 5 6 4 7
.нерастл
3 2 5 5 6 4 7
.невотр
2 5 5 4 6
.невостр
3 2 5 5 6 4 7
.недотр
2 5 5 4 6
.незатр
2 5 5 4 6
.непотр
2 5 5 4 6
.непритр
2 5 6 4 7
.небесхв
3 2 5 5 6 4 7
.невосхв
3 2 5 5 6 4 7
.незахв
2 5 5 4 6
.непохв
2 5 5 4 6
.небесхл
3 2 5 5 6 4 7
.недохл
2 5 5 4 6
.незахл
2 5 5 4 6
.непохл
2 5 5 4 6
.неподхл
3 2 5 5 6 4 7
.неприхл
2 5 6 4 7
.непрехл
2 5 6 4 7
.нерасхл
3 2 5 5 6 4 7
.невосхр
3 2 5 5 6 4 7
.незахр
2 5 5 4 6
.непохр
2 5 5 4 6
.неподхр
3 2 5 5 6 4 7
.неприхр
2 5 6 4 7
.непрехр
2 5 6 4 7
.нерасхр
3 2 5 5 6 4 7
.небесцв
3 2 5 5 6 4 7
.невоцв
2 5 5 4 6
.недоцв
2 5 5 4 6
.незацв
2 5 5 4 6
.непоцв
2 5 5 4 6
.неподцв
3 2 5 5 6 4 7
.неприцв
2 5 6 4 7
.непрецв
2 5 6 4 7
.нерасцв
3 2 5 5 6 4 7
.нерасчл
3 2 5 5 6 4 7
.небесчр
3 2 5 5 6 4 7
.недочт
2 5 5 4 6
.незачт
2 5 5 4 6
.непричт
2 5 6 4 7
.недошк
2 5 5 4 6
.небесшл
3 2 5 5 6 4 7
.небесшр
3 2 5 5 6 4 7
.ненабр
2 5 5 4 6
.ненадбр
2 5 6 4 7
.несобр
2 5 5 4 6
.несовв
2 5 5 4 6
.ненавл
2 5 5 4 6
.ненадвл
2 5 6 4 7
.несовл
2 5 5 4 6
.несовм
2 5 5 4 6
.несовн
2 5 5 4 6
.ненавр
2 5 5 4 6
.ненадвр
2 5 6 4 7
.несовр
2 5 5 4 6
.несовс
2 5 5 4 6
.ненагл
2 5 5 4 6
.ненадгл
2 5 6 4 7
.несогл
2 5 5 4 6
.ненагн
2 5 5 4 6
.несогн
2 5 5 4 6
.ненагр
2 5 5 4 6
.ненадгр
2 5 6 4 7
.несогр
2 5 5 4 6
.несодр
2 5 5 4 6
.ненажм
2 5 5 4 6
.несожм
2 5 5 4 6
.несожн
2 5 5 4 6
.несожр
2 5 5 4 6
.неназв
2 5 5 4 6
.несозв
2 5 5 4 6
.неназн
2 5 5 4 6
.несозн
2 5 5 4 6
.несозр
2 5 5 4 6
.несокв
2 5 5 4 6
.ненакл
2 5 5 4 6
.ненадкл
2 5 6 4 7
.несокл
2 5 5 4 6
.несокн
2 5 5 4 6
.ненакр
2 5 5 4 6
.ненадкр
2 5 6 4 7
.несокр
2 5 5 4 6
.несолг
2 5 5 4 6
.несомк
2 5 5 4 6
.ненамл
2 5 5 4 6
.ненадмл
2 5 6 4 7
.несомл
2 5 5 4 6
.ненадмн
2 5 6 4 7
.несомн
2 5 5 4 6
.несонр
2 5 5 4 6
.ненапл
2 5 5 4 6
.ненадпл
2 5 6 4 7
.ненапр
2 5 5 4 6
.ненадпр
2 5 6 4 7
.несопр
2 5 5 4 6
.ненарв
2 5 5 4 6
.ненадорв
2 5 7 4 8
.несорв
2 5 5 4 6
.ненасв
2 5 5 4 6
.ненадсв
2 5 6 4 7
.несосв
2 5 5 4 6
.ненаск
2 5 5 4 6
.ненадск
2 5 6 4 7
.ненасл
2 5 5 4 6
.ненадсл
2 5 6 4 7
.несосл
2 5 5 4 6
.ненадст
2 5 6 4 7
.несост
2 5 5 4 6
.ненатв
2 5 5 4 6
.несотв
2 5 5 4 6
.ненатр
2 5 5 4 6
.невсебл
2 5 6 4 7
.невсевл
2 5 6 4 7
.невсевр
2 5 6 4 7
.невсегл
2 5 6 4 7
.невсегн
2 5 6 4 7
.невсегр
2 5 6 4 7
.невседв
2 5 6 4 7
.невседр
2 5 6 4 7
.невсезл
2 5 6 4 7
.невсезр
2 5 6 4 7
.невсекл
2 5 6 4 7
.невсекр
2 5 6 4 7
.невсемл
2 5 6 4 7
.невсемн
2 5 6 4 7
.невсемр
2 5 6 4 7
.невсепл
2 5 6 4 7
.невсепр
2 5 6 4 7
.невсерв
2 5 6 4 7
.невсесв
2 5 6 4 7
.невсеск
2 5 6 4 7
.невсесл
2 5 6 4 7
.невсесм
2 5 6 4 7
.невсесн
2 5 6 4 7
.невсесп
2 5 6 4 7
.невсеср
2 5 6 4 7
.невсест
2 5 6 4 7
.невсетв
2 5 6 4 7
.невсетл
2 5 6 4 7
.невсецв
2 5 6 4 7
.непробр
2 5 6 4 7
.непровл
2 5 6 4 7
.непровр
2 5 6 4 7
.непрогл
2 5 6 4 7
.непрогн
2 5 6 4 7
.непрогр
2 5 6 4 7
.непродв
2 5 6 4 7
.непродр
2 5 6 4 7
.непрозл
2 5 6 4 7
.непрозр
2 5 6 4 7
.непрокл
2 5 6 4 7
.непрокр
2 5 6 4 7
.непромн
2 5 6 4 7
.непропл
2 5 6 4 7
.непропр
2 5 6 4 7
.непрорв
2 5 6 4 7
.непросв
2 5 6 4 7
.непроск
2 5 6 4 7
.непросл
2 5 6 4 7
.непросм
2 5 6 4 7
.непросн
2 5 6 4 7
.непросп
2 5 6 4 7
.непроср
2 5 6 4 7
.непротв
2 5 6 4 7
.непротл
2 5 6 4 7
.непрохл
2 5 6 4 7
.непроцв
2 5 6 4 7
гь.
1 8 0
жь.
1 8 0
кь.
1 8 0
рь.
1 8 0
хь.
1 8 0
ць.
1 8 0
бль.
2 8 0 8 1
брь.
2 8 0 8 1
бсь.
2 8 0 8 1
бть.
2 8 0 8 1
бщь.
2 8 0 8 1
вль.
2 8 0 8 1
внь.
2 8 0 8 1
врь.
2 8 0 8 1
всь.
2 8 0 8 1
вть.
2 8 0 8 1
вчь.
2 8 0 8 1
вшь.
2 8 0 8 1
гвь.
2 8 0 8 1
гль.
2 8 0 8 1
гнь.
2 8 0 8 1
грь.
2 8 0 8 1
гть.
2 8 0 8 1
двь.
2 8 0 8 1
дль.
2 8 0 8 1
днь.
2 8 0 8 1
дрь.
2 8 0 8 1
ждь.
2 8 0 8 1
жмь.
2 8 0 8 1
жнь.
2 8 0 8 1
жть.
2 8 0 8 1
звь.
2 8 0 8 1
здь.
2 8 0 8 1
зль.
2 8 0 8 1
змь.
2 8 0 8 1
знь.
2 8 0 8 1
зть.
2 8 0 8 1
квь.
2 8 0 8 1
кль.
2 8 0 8 1
кмь.
2 8 0 8 1
кнь.
2 8 0 8 1
крь.
2 8 0 8 1
ксь.
2 8 0 8 1
кть.
2 8 0 8 1
кшь.
2 8 0 8 1
лбь.
2 8 0 8 1
лвь.
2 8 0 8 1
лдь.
2 8 0 8 1
лжь.
2 8 0 8 1
лль.
2 8 0 8 1
лмь.
2 8 0 8 1
лнь.
2 8 0 8 1
лпь.
2 8 0 8 1
лсь.
2 8 0 8 1
лть.
2 8 0 8 1
лчь.
2 8 0 8 1
мль.
2 8 0 8 1
ммь.
2 8 0 8 1
мнь.
2 8 0 8 1
мрь.
2 8 0 8 1
нмь.
2 8 0 8 1
ннь.
2 8 0 8 1
нсь.
2 8 0 8 1
нфь.
2 8 0 8 1
пнь.
2 8 0 8 1
пть.
2 8 0 8 1
пшь.
2 8 0 8 1
рбь.
2 8 0 8 1
рвь.
2 8 0 8 1
рдь.
2 8 0 8 1
ржь.
2 8 0 8 1
рль.
2 8 0 8 1
рмь.
2 8 0 8 1
рнь.
2 8 0 8 1
рсь.
2 8 0 8 1
рть.
2 8 0 8 1
рчь.
2 8 0 8 1
ршь.
2 8 0 8 1
сдь.
2 8 0 8 1
сль.
2 8 0 8 1
смь.
2 8 0 8 1
снь.
2 8 0 8 1
спь.
2 8 0 8 1
ссь.
2 8 0 8 1
счь.
2 8 0 8 1
сшь.
2 8 0 8 1
тль.
2 8 0 8 1
трь.
2 8 0 8 1
тчь.
2 8 0 8 1
фнь.
2 8 0 8 1
фрь.
2 8 0 8 1
фть.
2 8 0 8 1
ффь.
2 8 0 8 1
хвь.
2 8 0 8 1
хль.
2 8 0 8 1
хмь.
2 8 0 8 1
хнь.
2 8 0 8 1
хть.
2 8 0 8 1
хшь.
2 8 0 8 1
цвь.
2 8 0 8 1
чвь.
2 8 0 8 1
чмь.
2 8 0 8 1
чнь.
2 8 0 8 1
чть.
2 8 0 8 1
швь.
2 8 0 8 1
шдь.
2 8 0 8 1
шль.
2 8 0 8 1
шмь.
2 8 0 8 1
шнь.
2 8 0 8 1
шть.
2 8 0 8 1
щвь.
2 8 0 8 1
.вбр
1 8 3
.вг
1 8 3
.вд
1 8 3
.вз
1 8 3
.взб
1 8 4
.взг
1 8 4
.взд
1 8 4
.вк
1 8 3
.вп
1 8 3
.вс
1 8 3
.всх
1 8 4
.вт
1 8 3
.ск
1 8 3
.сп
1 8 3
.ст
1 8 3
.сс
1 8 3
скр
1 4 2
звр
1 4 2
стр
1 6 1
сстр
1 4 3
бстр
2 5 1 6 3
гстр
3 4 0 5 1 6 3
дстр
2 5 1 6 3
бштр
2 5 1 6 3
скв
2 4 1 5 2
рзн
2 4 1 5 2
встр
3 8 2 8 3 8 4
.встр
4 8 2 8 3 8 4 8 5
здрав
4 7 0 8 1 8 2 8 3
льзь.
3 8 0 8 1 8 2
.досто
2 3 3 4 4
правосл
2 3 5 4 6
.чудотв
2 3 5 4 6
.недобро
2 6 5 7 6
.утв
1 4 3
.утва
1 5 3
.ответ
1 5 3
.окр
1 4 3
.кх
1 8 3
.мг
1 8 3
здн.
2 8 0 8 1
рст.
2 8 0 8 1
нкт.
2 8 0 8 1
лхв.
2 8 0 8 1
мр.
1 8 0
мш.
1 8 0
хл.
1 8 0
вств.
3 8 0 8 1 8 2
дств.
3 8 0 8 1 8 2
йств.
3 8 0 8 1 8 2
нств.
3 8 0 8 1 8 2
рств.
3 8 0 8 1 8 2
тств.
3 8 0 8 1 8 2
фств.
3 8 0 8 1 8 2
иапр
2 3 2 4 3
иатр
2 3 2 4 3
иашк
2 3 2 4 3
автодр
2 3 4 4 5
автокл
2 3 4 4 5
автокр
2 3 4 4 5
автопр
2 3 4 4 5
автосб
2 3 4 4 5
автосп
2 3 4 4 5
автост
2 3 4 4 5
автостр
2 3 4 5 6
автосц
2 3 4 4 5
автотр
2 3 4 4 5
автохр
2 3 4 4 5
автохт
2 3 4 4 5
автошк
2 3 4 4 5
агиогр
2 3 4 4 5
.агнос
1 4 3
агрошк
2 3 4 4 5
адекв
2 3 3 4 4
аллоск
2 3 4 4 5
аллотр
2 3 4 4 5
аллохт
2 3 4 4 5
.альпл
2 3 4 4 5
альтру
2 3 3 4 4
.аметр
2 2 4 4 5
амфибр
2 3 4 4 5
амфитр
2 3 4 4 5
анагр
2 3 3 4 4
анакр
2 3 3 4 4
анапл
2 3 3 4 4
анахр
2 3 3 4 4
антипр
2 3 4 4 5
антистр
2 3 4 6 6
антифр
2 3 4 4 5
антихл
2 3 4 4 5
антихр
2 3 4 4 5
.антрепр
2 4 3 5 4
апопл
2 3 3 4 4
апохр
2 3 3 4 4
архипл
2 3 4 4 5
архитр
2 3 4 4 5
.астроф
1 7 4
.ауксосп
2 3 6 4 7
.ахром
1 4 3
аэродр
2 3 4 4 5
аэрокл
2 3 4 4 5
аэропл
2 3 4 4 5
аэрост
2 3 4 4 5
аэрофл
2 3 4 4 5
банкн
1 4 3
.бахв
2 3 3 4 4
.бахром
2 3 3 4 4
.белобр
2 3 5 4 6
.белогл
2 3 5 4 6
.белогр
2 3 5 4 6
.белокр
2 3 5 4 6
.белошв
2 3 5 4 6
.бестсел
1 4 4
.бесчл
2 3 4 4 5
.бесшт
2 3 4 4 5
бетатрр
1 3 4
биост
2 3 3 4 4
.бипл
2 3 3 4 4
бисквит
2 5 3 4 4
.боговд
2 3 5 4 6
.богогл
2 3 5 4 6
.богосл
2 3 5 4 6
боепр
2 3 3 4 4
.брадобр
2 9 6 8 7
.бюрокр
2 3 5 4 6
.велопр
2 3 5 4 6
.велосп
2 3 5 4 6
.велотр
2 3 5 4 6
.вертодр
2 3 6 4 7
.вертопр
2 3 6 4 7
.взапр
2 3 4 4 5
.взахл
2 3 4 4 5
.взобр
2 3 4 4 5
.взодр
2 3 4 4 5
.взорв
2 3 4 4 5
.взопр
2 3 4 4 5
.взошл
2 3 4 4 5
.виндр
2 4 4 5 5
.винипл
2 3 5 4 6
.винопр
2 3 5 4 6
.виршепл
2 3 6 4 7
.внакл
2 3 4 4 5
.внахл
2 3 4 4 5
.внебр
2 3 4 4 5
.внепл
2 3 4 4 5
.внесм
2 3 4 4 5
.внест
2 3 4 4 5
.внешт
2 3 4 4 5
.вовл
2 3 3 4 4
.вовн
2 3 3 4 4
.водогн
2 3 5 4 6
.водогр
2 3 5 4 6
.водопр
2 3 5 4 6
.водос
2 3 5 4 6
.вожм
2 3 3 4 4
.возомн
2 3 5 4 6
.возопл
2 3 5 4 6
.вомн
2 3 3 4 4
.востав
2 5 3 4 4
.вотк
2 3 3 4 4
.вошл
2 3 3 4 4
.вполгл
2 5 5 4 6
.вполсл
2 3 5 4 6
.впосл
2 3 4 4 5
.впригл
2 3 5 4 6
.вприпр
2 3 5 4 6
.вприск
2 3 5 4 6
.вприхв
2 3 5 4 6
.врастр
2 5 5 4 6
.вседн
2 3 4 4 5
.всезн
2 3 4 4 5
.выбл
2 3 3 4 4
.выбр
2 3 3 4 4
.выгл
2 3 3 4 4
.выгн
2 3 3 4 4
.выгр
2 3 3 4 4
.выдв
2 3 3 4 4
.выдр
2 3 3 4 4
.выдр.
1 4 3
.выдра.
2 4 3 5 4
.выдре
2 4 3 5 4
.выдро
2 4 3 5 4
.выдру
2 4 3 5 4
.выдря
2 4 3 5 4
.выдры.
2 4 3 5 4
.выдрам
2 4 3 5 4
.выдрах
2 4 3 5 4
.выжг
2 3 3 4 4
.выжд
2 3 3 4 4
.выжж
2 3 3 4 4
.выжм
2 3 3 4 4
.выжн
2 3 3 4 4
.выжр
2 3 3 4 4
.вызв
2 3 3 4 4
.вызн
2 3 3 4 4
.вызр
2 3 3 4 4
.выкл
2 3 3 4 4
.выкр
2 3 3 4 4
.вымн
2 3 3 4 4
.вымр
2 3 3 4 4
.вымч
2 3 3 4 4
.выпл
2 3 3 4 4
.выпр
2 3 3 4 4
.вырв
2 3 3 4 4
.высв
2 3 3 4 4
.выск
2 3 3 4 4
.высл
2 3 3 4 4
.высм
2 3 3 4 4
выспрен
3 4 2 5 3 4 4
.выст
2 5 3 4 4
.выстр
1 6 5
.выстл
1 6 5
.вытк
2 3 3 4 4
.вытв
2 3 3 4 4
.вытр
2 3 3 4 4
.выфр
2 3 3 4 4
.выхв
2 3 3 4 4
.выхл
2 3 3 4 4
.выцв
2 3 3 4 4
.вычл
2 3 3 4 4
.вычт
2 3 3 4 4
.вышв
2 3 3 4 4
.вышкол
2 3 3 4 4
.вышл
2 3 3 4 4
.вышм
2 3 3 4 4
.вышныр
2 3 3 4 4
.вышп
2 3 3 4 4
.газопр
2 3 5 4 6
.газосв
2 3 5 4 6
.газотр
2 3 5 4 6
.гаршн
2 5 4 4 5
.гаупт
2 6 5 5 6
.гемогл
2 3 5 4 6
.гипост
2 3 5 4 6
.гипотр
2 3 5 4 6
.голодр
2 3 5 4 6
.гроссб
1 4 5
.губошл
2 3 5 4 6
.двоебр
2 3 5 4 6
.двоевл
2 3 5 4 6
.двузн
2 3 4 4 5
.двукр
2 3 4 4 5
.двумяст
2 3 6 4 7
.двупл
2 3 4 4 5
.двус
2 3 4 4 5
.двуха
3 2 4 3 5 2 6
.двухо
3 2 4 3 5 2 6
.двуц
2 3 4 4 5
.двуч
2 3 4 4 5
.дегр
2 3 3 4 4
.дефл
2 3 3 4 4
.дехл
2 3 3 4 4
.депрес
2 3 3 4 4
.диаст
2 3 4 4 5
.диафр
2 3 4 4 5
.диахр
2 3 4 4 5
.дигр
2 3 3 4 4
.дидр
2 3 3 4 4
.динатр
2 3 5 4 6
.дистр
2 4 4 7 5
.дифр
2 3 3 4 4
.дихр
2 3 3 4 4
.добра
2 8 3 7 4
.добрав
2 9 3 8 4
.недобрав
2 9 5 8 6
.добрал
2 9 3 8 4
.добран
2 9 3 8 4
.добрат
2 9 3 8 4
.добрач
2 9 3 8 4
.добре
2 8 3 7 4
.добред
2 9 3 8 4
.добрес
2 9 3 8 4
.добро
2 8 3 7 4
.доброди
2 9 3 8 4
.доброс
2 9 3 8 4
.недоброс
2 9 5 8 6
.доброж
2 9 3 8 4
.доброш
2 9 3 8 4
.недоброш
2 9 5 8 6
.добру
2 8 3 7 4
.добры
2 8 3 7 4
.добря
2 8 3 7 4
.додн
2 3 3 4 4
.дожг
2 3 3 4 4
.дожде
2 8 3 7 4
.дождем
2 8 3 7 4
.дождемс
2 9 3 8 4
.дождет
2 9 3 8 4
.дождеш
2 9 3 8 4
.дожди
2 8 3 7 4
.дождись
2 9 3 8 4
.дождл
1 8 3
.дождю
2 8 3 7 4
.дождя
2 8 3 7 4
.дожж
2 3 3 4 4
.дожн
2 3 3 4 4
.дожр
2 3 3 4 4
.домне
2 3 3 4 4
.домне.
2 4 3 5 4
.домни
2 3 3 4 4
.домну
2 3 3 4 4
.домотк
2 3 5 4 6
.досв
2 3 3 4 4
.доска.
2 8 3 7 4
.доскам
2 8 3 7 4
.досках
2 8 3 7 4
.доске
2 8 3 7 4
.доски
2 8 3 7 4
.доской
2 8 3 7 4
.доскою
2 8 3 7 4
.доску
2 8 3 7 4
.достр
1 6 5
.дотк
2 3 3 4 4
.дохлеб
2 3 3 4 4
.дошв
2 3 3 4 4
.дошл
2 3 3 4 4
.дочл
2 3 3 4 4
древогр
2 3 5 4 6
древост
2 3 5 4 6
.ежедн
2 3 4 4 5
.епитр
2 3 4 4 5
.жиропр
2 3 5 4 6
.завз
2 3 3 4 4
.завл
2 3 3 4 4
.завс
2 3 3 4 4
.завш
2 3 3 4 4
.загв
2 3 3 4 4
.зажг
2 3 3 4 4
.зажж
2 3 3 4 4
.зажн
2 3 3 4 4
.зазд
2 3 3 4 4
.зазн
2 3 3 4 4
.залг
2 3 3 4 4
.залж
2 3 3 4 4
.замл
2 3 3 4 4
.замн
2 3 3 4 4
.замша.
2 6 3 5 4
.замшам
2 6 3 5 4
.замшах
2 6 3 5 4
.замшей
2 6 3 5 4
.замши.
2 6 3 5 4
.замшу
2 6 3 5 4
.запх
2 3 3 4 4
.зарж
2 3 3 4 4
.засд
2 3 3 4 4
.заск
2 3 3 4 4
.заскв
1 4 5
.застл
1 4 5
.застр
1 4 5
.засч
2 3 3 4 4
.затк
2 3 3 4 4
.затм
2 3 3 4 4
.зафл
2 3 3 4 4
.зафр
2 3 3 4 4
.захм
2 3 3 4 4
.захн
2 3 3 4 4
.зачв
2 3 3 4 4
.зачл
2 3 3 4 4
.зачм
2 3 3 4 4
.зачн
2 3 3 4 4
.зашв
2 3 3 4 4
.зашк
2 3 3 4 4
.зашл
2 3 3 4 4
.зашм
2 3 3 4 4
.зашн
2 3 3 4 4
.зашп
2 3 3 4 4
.зашт
2 3 3 4 4
.зловр
2 3 4 4 5
.злонр
2 3 4 4 5
.злосл
2 3 4 4 5
.злосч
2 3 4 4 5
.злотв
2 3 4 4 5
.зоосп
2 3 4 4 5
.зубоск
2 3 5 4 6
.идокр
2 3 4 4 5
.избл
2 3 3 4 4
.извн
2 3 3 4 4
.изгн
2 3 3 4 4
.изгр
2 3 3 4 4
.изобр
2 3 4 4 5
.изовр
2 3 4 4 5
.изогл
2 3 4 4 5
.изогн
2 3 4 4 5
.изодр
2 3 4 4 5
.изожг
2 3 4 4 5
.изожж
2 3 4 4 5
.изокл
2 3 4 4 5
.изолг
2 3 4 4 5
.изолж
2 3 4 4 5
.изомн
2 3 4 4 5
.изопр
2 3 4 4 5
.изорв
2 3 4 4 5
.изост
2 3 4 4 5
.изостл
3 3 4 4 5 4 6
.изотк
2 3 4 4 5
.изотр
2 3 4 4 5
.изохр
2 3 4 4 5
.изошл
2 3 4 4 5
.скоросп
2 3 6 4 7
.иносл
2 3 4 4 5
.иностр
3 3 4 4 5 4 6
.инсп
2 3 3 4 4
.инст
2 3 3 4 4
.инфл
2 3 3 4 4
.ипост
2 3 4 4 5
.ипподр
2 3 5 4 6
.ископ
1 5 3
.иссв
1 4 4
.иссл
1 4 4
.исст
1 4 4
.истк
2 5 3 4 4
.истл
2 5 3 4 4
.исхл
2 5 3 4 4
.исшн
2 5 3 4 4
.исшт
2 5 3 4 4
.кинопр
2 3 5 4 6
.киност
2 3 5 4 6
.кинотр
2 3 5 4 6
.корнепл
2 3 6 4 7
.корнесл
2 3 6 4 7
.косопл
2 3 5 4 6
.кососл
2 3 5 4 6
.кроссв
1 4 5
.ледосб
2 3 5 4 6
.ледосбр
3 3 5 4 6 4 7
.ледосп
2 3 5 4 6
.ледост
2 3 5 4 6
.лесосп
2 3 5 4 6
.лесост
2 3 5 4 6
.лжепл
2 3 4 4 5
.лжепр
2 3 4 4 5
.лжехр
2 3 4 4 5
.ливнесп
2 3 6 4 7
.лобогр
2 3 5 4 6
.лоботр
2 3 5 4 6
.льнотр
2 3 5 4 6
.люксм
1 4 4
.лязгн
1 4 4
.максв
1 4 4
.малокр
2 3 5 4 6
.мегасп
2 3 5 4 6
.мезост
2 3 5 4 6
.мезотр
2 3 5 4 6
.метапл
2 3 5 4 6
.метаст
2 3 5 4 6
взвод
3 5 0 8 1 8 2
блюд
2 3 0 4 1
глав
2 3 0 4 1
глаз
2 3 0 4 1
грамм
2 3 0 4 1
град
2 3 0 4 1
граф
2 3 0 4 1
грыз
2 3 0 4 1
групп
2 3 0 4 1
джоул
2 3 0 4 1
звезд
2 3 0 4 1
кварц
2 3 0 4 1
клизм
2 3 0 4 1
крад
2 3 0 4 1
крест
2 3 0 4 1
круж
2 3 0 4 1
крыл
2 3 0 4 1
плазм
2 3 0 4 1
прав
2 3 0 4 1
сбор
2 3 0 4 1
смотр
2 3 0 4 1
стат
2 3 0 4 1
строф
2 3 0 6 2
сфер
2 3 0 4 1
схем
2 3 0 4 1
троп
2 5 0 4 1
фронт
2 3 0 4 1
фраз
2 3 0 4 1
хват
2 3 0 4 1
хвост
2 3 0 4 1
штейн
2 3 0 4 1
ствол
2 3 0 4 2
струк
2 3 0 4 2
цвет
2 3 0 4 1
штурм
2 3 0 4 1
йск
2 3 1 4 2
йст
2 3 1 4 2
въ
1 2 2
безъ
1 4 2
дизъ
1 4 2
подъ
1 4 2
надъ
1 4 2
предъ
1 4 3
разъ
1 4 2
субъ
1 4 2
.бь
1 4 3
.вь
1 4 3
.дь
1 4 3
.кь
1 4 3
.нь
1 4 3
.пь
1 4 3
бь
1 4 0
вь
1 4 0
гь
1 4 0
дь
1 4 0
жь
1 4 0
зь
1 4 0
кь
1 4 0
ль
1 4 0
мь
1 4 0
нь
1 4 0
пь
1 4 0
рь
1 4 0
сь
1 4 0
ть
1 4 0
фь
1 4 0
хь
1 4 0
ць
1 4 0
чь
1 4 0
шь
1 4 0
щь
1 4 0
ьтр.
1 8 1
дьякон
2 5 0 4 2
льбл
2 3 2 4 3
льск
2 3 2 4 3
льст
2 3 2 4 3
льтр
2 3 2 4 3
льфл
2 3 2 4 3
льфр
2 3 2 4 3
льшн
2 3 2 4 3
ньск
2 3 2 4 3
ньчж
2 3 2 4 3
консьерж
2 5 3 6 5
.взобь
2 5 4 4 6
.взовь
2 5 4 4 6
.вобь
2 5 3 4 5
.вовь
2 5 3 4 5
.вольг
2 5 3 4 5
.волье
2 5 3 4 5
.вольер
2 6 3 5 5
.волью
2 5 3 4 5
.возоль
2 5 5 4 7
.вопь
2 5 3 4 5
.вошь
2 5 3 4 5
.вполпь
2 5 5 4 7
.впоть
2 5 4 4 6
.выбь
2 5 3 4 5
.вывь
2 5 3 4 5
.выль
2 5 3 4 5
.выпь
2 5 3 4 5
.вышь
2 5 3 4 5
.добь
2 5 3 4 5
.довь
2 5 3 4 5
.долье
2 5 3 4 5
.долью
2 5 3 4 5
.допь
2 5 3 4 5
.дошь
2 5 3 4 5
.забь
2 5 3 4 5
.завь
2 5 3 4 5
.залье
2 5 3 4 5
.залью
2 5 3 4 5
.зальст
2 5 3 4 5
.запь
2 5 3 4 5
.зашь
2 5 3 4 5
.изобь
2 5 4 4 6
.изовь
2 5 4 4 6
.изоль
2 5 4 4 6
.изопь
2 5 4 4 6
.изошь
2 5 4 4 6
.набь
2 5 3 4 5
.навь
2 5 3 4 5
.небь
2 5 3 4 5
.непь
2 5 3 4 5
.надобь
2 5 5 4 7
.надовь
2 5 5 4 7
.надопь
2 5 5 4 7
.надошь
2 5 5 4 7
.наль
2 5 3 4 5
.напь
2 5 3 4 5
.нашь
2 5 3 4 5
.недоль
2 5 5 4 7
.недопь
2 5 5 4 7
.ничь
2 5 3 4 5
.овь
2 5 2 4 4
.обобь
2 5 4 4 6
.обовь
2 5 4 4 6
.обопь
2 5 4 4 6
.обошь
2 5 4 4 6
.отобь
2 5 4 4 6
.отовь
2 5 4 4 6
.отоль
2 5 4 4 6
.отопь
2 5 4 4 6
.отошь
2 5 4 4 6
.перебь
2 5 5 4 7
.перевь
2 5 5 4 7
.перель
2 5 5 4 7
.перепь
2 5 5 4 7
.перешь
2 5 5 4 7
.прель
2 5 4 4 6
.побь
2 5 3 4 5
.повь
2 5 3 4 5
.подобь
2 5 5 4 7
.подовь
2 5 5 4 7
.подолье
2 5 5 4 7
.подолью
2 5 5 4 7
.подопь
2 5 5 4 7
.подошь
2 5 5 4 7
.подь
2 5 3 4 5
.полупь
2 5 5 4 7
.полуть
2 5 5 4 7
.полье
2 5 3 4 5
.польст
2 5 3 4 5
.польщ
2 5 3 4 5
.полью
2 5 3 4 5
.попь
2 5 3 4 5
.пошь
2 5 3 4 5
.прибь
2 5 4 4 6
.привь
2 5 4 4 6
.приль
2 5 4 4 6
.пришь
2 5 4 4 6
.пробь
2 5 4 4 6
.проль
2 5 4 4 6
.пропь
2 5 4 4 6
.прошь
2 5 4 4 6
.развь
2 5 4 4 6
.разобь
2 5 5 4 7
.разовь
2 5 5 4 7
.разоль
2 5 5 4 7
.разопь
2 5 5 4 7
.разошь
2 5 5 4 7
.собь
2 5 3 4 5
.совьем
2 5 3 4 5
.совьет
2 5 3 4 5
.совьеш
2 5 3 4 5
.совьюс
2 5 3 4 5
.совьют
2 5 3 4 5
.солье
2 5 3 4 5
.солью
2 5 3 4 5
.сопь
2 5 3 4 5
.сошь
2 5 3 4 5
.убь
1 4 4
.увь
1 4 4
.уль
1 4 4
.улье.
1 5 4
.ульев
1 5 4
.ульем
1 5 4
.улья
1 5 4
.упь
1 4 4
.ушь
1 4 4
бсц
1 4 1
врс
1 4 1
гнц
1 4 1
жгл
2 4 1 4 2
дкр
1 4 2
збн
1 4 1
здк
1 4 1
ктн
1 4 1
лбл
1 4 1
лбн
1 4 1
лбц
1 4 1
лгл
1 4 1
лгн
1 4 1
лжк
1 4 1
лжн
1 4 1
лжс
1 4 1
лзл
1 4 1
лзт
1 4 1
лзш
1 4 1
лкл
1 4 1
лтн
1 4 1
лфв
1 4 1
лхв
1 4 1
лшб
1 4 1
лчб
1 4 1
лчн
1 4 1
мпт
1 4 1
мпф
1 4 1
мпш
1 4 1
мсб
1 4 1
нгв
1 4 1
ндб
1 4 1
ндм
1 4 1
ндс
1 4 1
ндскн
3 4 2 5 3 4 4
ндст
1 4 3
ндт
1 4 1
ндш
1 4 1
нкт
1 4 1
нкц
1 4 1
ннс
1 4 1
ннщ
1 4 1
нтв
1 4 1
нтн
1 4 1
нтс
1 4 1
нтщ
1 4 1
нфс
1 4 1
нцл
1 4 1
нчл
1 4 1
птн
1 4 1
ппк
1 4 1
рбк
1 4 1
рбн
1 4 1
рбц
1 4 1
ргс
1 4 1
ргш
1 4 1
рдс
1 4 1
рдщ
1 4 1
ржк
1 4 1
рзк
1 4 1
рзч
1 4 1
рзш
1 4 1
ркб
1 4 1
ркв
1 4 1
ркк
1 4 1
ркл
1 4 1
ркс
1 4 1
ркт
1 4 1
ркш
1 4 1
рмл
1 4 1
рнп
1 4 1
рнц
1 4 1
ртк
1 4 1
ртн
1 4 1
ртп
1 4 1
ртш
1 4 1
рфн
1 4 1
рхн
1 4 1
рчм
1 4 1
ршв
1 4 1
рщк
1 4 1
скс
1 4 1
скх
1 4 1
ств
1 4 1
стс
1 4 1
стф
1 4 1
стц
1 4 1
стч
1 4 1
стл
1 4 1
стм
1 4 1
ттм
1 4 1
хтп
1 4 1
ббр
1 4 2
ггл
1 4 2
бск
1 4 2
бсл
1 4 2
ввр
1 4 2
вст
1 4 2
втр
1 4 2
гск
1 4 2
гст
2 4 0 4 2
дск
1 4 2
дшн
1 4 2
жск
1 4 2
жбр
1 4 2
жкл
1 4 2
жпл
1 4 2
збр
1 4 2
здр
1 4 2
звл
1 4 2
згл
1 4 2
зск
1 4 2
кбл
1 4 2
ктр
1 4 2
кшт
1 4 2
лпл
1 4 2
лст
1 4 2
мбл
1 4 2
мбля
2 4 1 5 2
мбр
1 4 2
мкр
1 4 2
мпр
1 4 2
мск
1 4 2
мст
1 4 2
мшт
1 4 2
нвр
1 4 2
нгл
1 4 2
нгр
1 4 2
нгш
1 4 1
ндр
1 4 2
нзн
1 4 2
нбр
1 4 2
нкв
1 4 2
нкл
1 4 2
нкр
1 4 2
нпр
1 4 2
нск
1 4 2
нсц
1 4 2
нтль
1 4 1
нцль
1 4 1
нцт
1 4 1
нсп
1 4 2
нст
1 4 2
нтрг
1 4 1
нтрд
1 4 1
нтрм
1 4 1
нтрп
1 4 1
нтрр
1 4 1
нтрф
1 4 1
нфл
1 4 2
нфр
1 4 2
нчк
1 4 2
ншл
1 4 2
ншп
1 4 2
ншт
1 4 2
ппл
1 4 2
ппр
1 4 2
пфр
1 4 2
пшт
1 4 2
рбл
1 4 2
рбля
2 4 1 5 2
рблю
2 4 1 5 2
рбр
1 4 2
рдж
1 4 2
рпл
1 4 2
рск
1 4 2
рст
1 4 2
рсц
1 4 2
рфл
1 4 2
рфр
1 4 2
ршл
1 4 2
скл
1 4 2
спр
1 4 2
сшт
1 4 2
твр
1 4 2
тмл
1 4 2
тпл
1 4 2
тхл
1 4 2
тпр
1 4 2
ттр
1 4 2
тшк
1 4 2
фск
1 4 2
ффр
1 4 2
фшт
1 6 2
хск
1 4 2
хст
1 4 2
цкр
1 4 2
шск
1 4 2
.метро
2 6 3 5 4
.митро
2 6 3 5 4
.мз
1 8 3
микст
1 4 3
.мирозд
2 3 5 4 6
.миротв
2 3 5 4 6
.многочл
2 3 6 4 7
лвл
1 4 1
принт
2 3 0 4 1
.монофт
2 3 5 4 6
.монохр
2 3 5 4 6
.мотодр
2 3 5 4 6
.мотопр
2 3 5 4 6
.мотошл
2 3 5 4 6
кросс
2 3 0 4 1
спорт
2 3 0 4 1
.мочекр
2 3 5 4 6
дшт
1 4 2
.набл
2 5 3 4 4
.навс
2 5 3 4 4
наглая
2 4 2 5 3
нагле
2 4 2 5 3
нагли
2 4 2 5 3
нагло
2 4 2 5 3
.наглод
2 5 3 6 4
.наглож
2 5 3 6 4
.наглот
2 5 3 6 4
.надвиг
2 5 3 6 4
.надвиж
2 5 3 6 4
.надвин
2 5 3 6 4
дгн
1 4 2
надрав.
2 3 2 4 3
надрае
2 3 2 4 3
надраи
2 3 2 4 3
надрай
2 3 2 4 3
надрал
2 3 2 4 3
надран
2 3 2 4 3
надрат
2 3 2 4 3
надраю
2 3 2 4 3
надрая
2 3 2 4 3
надрыз
2 3 2 4 3
дсм
1 4 2
дчр
1 4 2
.нажг
2 5 3 4 4
.нажд
2 5 3 4 4
.наждак
2 6 3 5 4
.наждач
2 6 3 5 4
.назл
2 5 3 4 4
.назр
2 5 3 4 4
.налг
2 5 3 4 4
.налж
2 5 3 4 4
.напн
2 5 3 4 4
.насд
2 5 3 4 4
.насм
2 5 3 4 4
.насн
2 5 3 4 4
.насп
2 5 3 4 4
.настла
1 4 5
.настра
1 4 5
.настре
1 4 5
.настри
1 4 5
.настро
1 4 5
.настру
1 4 5
.настря
1 4 5
.насч
2 5 3 4 4
.натк
2 5 3 4 4
.натра.
2 6 3 5 4
.натрам.
2 6 3 5 4
.натре.
2 6 3 5 4
.натрие
2 6 3 5 4
.натрии
2 6 3 5 4
.натрий
2 6 3 5 4
.натрию
2 6 3 5 4
.натрия
2 6 3 5 4
.натров
2 6 3 5 4
.натром
2 6 3 5 4
.нахл
2 5 3 4 4
.нахм
2 5 3 4 4
.нахр
2 5 3 4 4
.начл
2 5 3 4 4
.начт
2 5 3 4 4
.начх
2 5 3 4 4
.нашв
2 5 3 4 4
.нашк
2 5 3 4 4
.нашл
2 5 3 4 4
свод
2 3 0 4 1
.невз
3 7 3 4 4 4 5
.невн
2 5 3 4 4
.невп
3 5 3 4 4 4 5
.невра
2 6 3 5 4
.неври
2 6 3 5 4
.невро
2 6 3 5 4
.невс
3 7 3 4 4 4 5
.невт
2 5 3 4 4
.негатр
2 3 5 4 6
грс
1 4 1
.недожн
2 5 5 4 6
.недра
2 6 3 5 4
.незд
2 5 3 4 4
.нейбл
2 5 4 4 5
.некро
2 6 3 5 4
.некс
2 5 3 4 4
.ненамн
2 5 5 4 6
.неогл
1 4 5
.неокл
1 4 5
.неопр
1 4 5
.неосл
1 4 5
.нести
2 6 3 5 4
.нестр
1 6 5
.несх
2 5 3 4 4
.неупл
2 5 4 4 5
.неуст
2 5 4 4 5
.нешт
2 5 3 4 4
вхк
1 4 1
вхск
1 4 1
.нигд
2 5 3 4 4
.низошл
2 5 5 4 6
.ниспосл
2 5 6 4 7
.ниспошл
2 5 6 4 7
.нихр
2 5 3 4 4
шкн
1 4 2
бран
2 3 0 4 1
клюв
2 3 0 4 1
.носогр
2 5 5 4 6
.носогл
2 5 5 4 6
йорк
2 7 0 4 1
бгл
1 4 2
бгн
1 4 2
.обзв
2 5 3 4 4
бкл
1 4 2
бкр
1 4 2
.облю
1 4 3
.облюб
1 5 3
.обобр
2 5 4 4 5
.обовш
2 5 4 4 5
.обогн
2 5 4 4 5
.обогр
2 5 4 4 5
.ободн
2 5 4 4 5
.ободра
2 5 4 4 5
.обожг
2 5 4 4 5
.обожд
2 5 4 4 5
.обожж
2 5 4 4 5
.обожм
2 5 4 4 5
.обожн
2 5 4 4 5
.обожр
2 5 4 4 5
.обозв
2 5 4 4 5
.обозл
2 5 4 4 5
.обознач
2 5 4 4 5
.обозр
2 5 4 4 5
.обокр
2 5 4 4 5
.оболг
2 5 4 4 5
.оболж
2 5 4 4 5
.обомл
2 5 4 4 5
.обомн
2 5 4 4 5
.обомр
2 5 4 4 5
.обомш
2 5 4 4 5
.обопр
2 5 4 4 5
.оборв
2 5 4 4 5
.оботр
2 5 4 4 5
.обочл
2 5 4 4 5
.обочт
2 5 4 4 5
.обошл
2 5 4 4 5
.обрее
1 4 3
.обрей
1 4 3
.обрею
1 4 3
.обрив
1 4 3
.обрил
1 4 3
.обрит
1 4 3
.обст
2 5 3 4 4
бтр
1 4 2
бхв
1 4 2
бхл
1 4 2
бшл
1 4 2
бшм
1 4 2
бшн
1 4 2
бшт
1 4 1
.овдов
1 4 3
ршт
1 4 2
.овлад
1 4 3
.оглад
1 4 3
.оглаж
1 4 3
.оглас
1 4 3
.оглод
1 4 3
.оглож
1 4 3
.оглох
1 4 3
.оглуп
1 4 3
.огля
1 4 3
.огра
1 4 3
.огре
1 4 3
.однобр
2 3 5 4 6
.однодв
2 3 5 4 6
.однодн
2 3 5 4 6
.однопл
2 3 5 4 6
.одря
1 4 3
.ожг
1 4 3
.ожж
1 4 3
.озв
1 4 3
.озл
1 4 3
.озна
1 4 3
ккл
1 4 2
.окл
1 4 3
.опл
1 4 3
.опозн
2 5 4 4 5
.опост
2 5 4 4 5
.опохм
2 5 4 4 5
.опра
1 4 3
.опре
1 4 3
.опро
1 4 3
.опры
1 4 3
.опс
1 4 3
ргк
1 4 1
ргр
1 4 1
нгт
1 4 1
.ортодр
2 3 5 4 6
.ортокл
2 3 5 4 6
.оск
1 4 3
.оскв
1 4 4
.оскс
1 5 3
.ослаб
1 4 3
.ослав
1 4 3
.ослеп
1 4 3
.ослиз
1 4 3
.ослуш
1 4 3
.ослыш
1 4 3
.осмал
1 4 3
.осме
1 4 3
.осмогл
2 3 5 4 6
.осмол
1 4 3
.осмыс
1 4 3
.осна
1 4 3
.осне
1 4 3
.осну
1 4 3
.оср
1 4 3
.остав
1 4 3
.остае
1 4 3
.остал
1 4 3
.остан
1 4 3
.остар
1 4 3
.остаю
1 4 3
стг
1 4 1
.остеб
1 4 3
.остеобл
2 3 6 4 7
.остеокл
2 3 6 4 7
.остеп
1 4 3
.остер
1 4 3
стз
1 4 1
.острек
1 4 3
.остриг
1 4 3
.остриж
1 4 3
.острич
1 4 3
.остросл
2 3 6 4 7
.оструг
1 4 3
.остуд
1 4 3
.оступ
1 4 3
.остыв
1 4 3
.остыл
1 4 3
.остын
1 4 3
.остыт
1 4 3
тбр
1 4 2
.отверд
1 4 2
.отвержд
1 4 2
тгл
1 4 2
тгн
1 4 2
тгр
1 4 2
тдн
1 4 2
тдр
1 4 2
рпн
1 4 2
рпш
1 4 2
тзв
1 4 2
ткл
1 4 2
ткр
1 4 2
тмщ
1 4 2
.отобр
2 5 4 4 5
.отовр
2 5 4 4 5
.отовс
2 5 4 4 5
.отогн
2 5 4 4 5
.отогр
2 5 4 4 5
.отодв
2 5 4 4 5
.отодр
2 5 4 4 5
.отожг
2 5 4 4 5
.отожж
2 5 4 4 5
.отожм
2 5 4 4 5
.отожн
2 5 4 4 5
.отозв
2 5 4 4 5
.отолг
2 5 4 4 5
.отолж
2 5 4 4 5
.отомк
2 5 4 4 5
.отомн
2 5 4 4 5
.отомр
2 5 4 4 5
.отомс
2 5 4 4 5
.отомщ
2 5 4 4 5
.отопр
2 5 4 4 5
.оторв
2 5 4 4 5
.оторж
2 5 4 4 5
.отоск
2 5 4 4 5
.отосл
2 5 4 4 5
.ототк
2 5 4 4 5
.ототр
2 5 4 4 5
.отошл
2 5 4 4 5
.отрезв
1 4 3
.отрем
1 4 3
.отреп
1 4 3
.отрет
1 4 3
.отрус
1 4 3
.отрут
1 4 3
.отряс
1 4 3
.отрях
1 4 3
.отсв
1 4 4
.отсл
1 4 4
.отсн
1 4 4
.отср
1 4 4
.отст
2 4 4 4 5
.отсч
1 4 4
тхв
1 4 2
тцв
1 4 2
тчл
1 4 2
тшл
1 4 2
тшп
1 4 2
тшт
1 4 2
.охл
1 4 3
.охм
1 4 3
.охран
1 4 3
.охрип
1 4 3
.ошк
1 4 3
.ошл
1 4 3
.ошм
1 4 3
.ошп
1 4 3
.пансл
2 5 4 4 5
.пантокр
2 5 6 4 7
.парагн
2 5 5 4 6
ндж
1 4 1
.парапл
2 5 5 4 6
.парасц
2 5 5 4 6
.паропр
2 5 5 4 6
ртг
1 4 1
тст
1 4 2
нгб
1 4 1
.перебр
2 5 5 4 6
.перевр
2 5 5 4 6
.перегл
2 5 5 4 6
.перегн
2 5 5 4 6
.перегр
2 5 5 4 6
.передр
2 5 5 4 6
.пережг
2 5 5 4 6
.пережд
2 5 5 4 6
.пережр
2 5 5 4 6
.перезв
2 5 5 4 6
.перезр
2 5 5 4 6
.перекл
2 5 5 4 6
.перекр
2 5 5 4 6
.перемк
2 5 5 4 6
.перемн
2 5 5 4 6
.перемр
2 5 5 4 6
.перепл
2 5 5 4 6
.перерв
2 5 5 4 6
.пересв
2 5 5 4 6
.пересд
2 5 5 4 6
.переск
2 5 5 4 6
.пересл
2 5 5 4 6
.пересм
2 5 5 4 6
.пересн
2 5 5 4 6
.пересп
2 5 5 4 6
.перест
2 5 5 4 6
.перетк
2 5 5 4 6
.перетл
2 5 5 4 6
.перетр
2 5 5 4 6
.перечт
2 5 5 4 6
.перешл
2 5 5 4 6
.перипт
2 5 5 4 6
.перисп
2 5 5 4 6
рлв
1 4 1
.перхл
2 5 4 4 5
глиф
2 3 0 4 1
клаз
2 3 0 4 1
.плексигл
2 5 7 4 8
.плеохр
2 5 5 4 6
крат
2 3 0 4 1
вздо
2 4 1 4 2
взды
2 4 1 4 2
.повз
2 5 3 4 4
.повс
2 5 3 4 4
.подвиг
2 5 3 4 4
.подвиж
2 5 3 4 4
.подвин
2 5 3 4 4
.подвор
2 5 3 4 4
.подобр
2 5 5 4 6
.подовр
2 5 5 4 6
.подогн
2 5 5 4 6
.подогр
2 5 5 4 6
.пододр
2 5 5 4 6
.подожг
2 5 5 4 6
.подожд
2 5 5 4 6
.подожж
2 5 5 4 6
.подожм
2 5 5 4 6
.подожн
2 5 5 4 6
.подозв
2 5 5 4 6
.подозр
2 5 5 4 6
.подопл
2 5 5 4 6
.подопр
2 5 5 4 6
.подосл
2 5 5 4 6
.подосп
2 5 5 4 6
.подостл
2 5 5 4 7
.подотк
2 5 5 4 6
.подотр
2 5 5 4 6
.подошл
2 5 5 4 6
.подрав
2 5 3 4 4
.подран
2 5 3 4 4
.подрат
2 5 3 4 4
.подрем
2 5 3 4 4
.подрож
2 5 3 4 4
.подруж
2 5 3 4 4
.подрях
2 5 3 4 4
дсв
1 4 2
дтр
1 4 2
.подэ
2 4 3 5 4
.пожг
2 5 3 4 4
.пожд
2 5 3 4 4
.пожж
2 5 3 4 4
.пожм
2 5 3 4 4
.пожн
2 5 3 4 4
.покн
2 5 3 4 4
лвт
1 4 2
.полг
2 5 3 4 4
лдн
1 4 2
.полж
2 5 3 4 4
лзк
1 4 1
.полигл
2 5 5 4 6
.полисп
2 5 5 4 6
.полист
2 5 5 4 6
.полифт
2 5 5 4 6
.полихл
2 5 5 4 6
.полпр
2 5 4 4 5
.полсм
2 5 4 4 5
.полудн
2 5 5 4 6
.полудр
2 5 5 4 6
.полузн
2 5 5 4 6
.полузр
2 5 5 4 6
.полукр
2 5 5 4 6
.полумг
2 5 5 4 6
мгл
1 4 2
.полумр
2 5 5 4 6
.полупр
2 5 5 4 6
.полусл
2 5 5 4 6
.полусм
2 5 5 4 6
.полусн
2 5 5 4 6
.полусп
2 5 5 4 6
.полуст
2 5 5 4 6
.полушт
2 5 5 4 6
лчк
1 4 1
.помни
2 6 3 5 4
.помню
2 6 3 5 4
.помня
2 6 3 5 4
.помс
2 5 3 4 4
.помщ
2 5 3 4 4
.понемн
2 5 5 4 6
.поразомн
2 5 7 4 8
.порж
2 5 3 4 4
ртб
1 4 1
ртм
1 4 1
.портофр
2 5 6 4 7
ртс
1 4 1
ртф
1 4 1
.после
2 6 3 5 4
.послед
2 7 3 6 4
.послеж
2 7 3 6 4
.посс
2 5 3 4 4
.поста.
2 6 3 5 4
.постам
2 6 3 5 4
.постах
2 6 3 5 4
.посте.
2 6 3 5 4
.постен
2 6 3 5 4
.постив
2 6 3 5 4
.постим
2 6 3 5 4
.постис
2 6 3 5 4
.постит
2 6 3 5 4
.постиш
2 6 3 5 4
.постл
1 4 5
.постов
2 6 3 5 4
.постом
2 6 3 5 4
.постр
1 4 5
.посту.
2 6 3 5 4
.постул
2 6 3 5 4
.посты.
2 6 3 5 4
.постя
2 6 3 5 4
.посх
2 5 3 4 4
.посш
2 5 3 4 4
.потк
2 5 3 4 4
.потщ
2 5 3 4 4
прям
2 3 0 4 1
.пофр
2 5 3 4 4
.похм
2 5 3 4 4
.похн
2 5 3 4 4
.почван
2 5 3 4 4
.почл
2 5 3 4 4
.почм
2 5 3 4 4
.почн
2 5 3 4 4
.почтем
2 5 3 4 4
.почтен
2 5 3 4 4
.почтет
2 5 3 4 4
.почтеш
2 5 3 4 4
.почти
2 5 3 4 4
.почти.
2 6 3 5 4
.почто.
2 5 3 4 4
.почтут
2 5 3 4 4
.почтя
2 5 3 4 4
.пошв
2 5 3 4 4
.пошл
2 5 3 4 4
.пошлая
2 6 3 5 4
.пошлев
2 6 3 5 4
.пошлее
2 6 3 5 4
.пошлей
2 6 3 5 4
.пошлел
2 6 3 5 4
.пошлен
2 6 3 5 4
.пошлец
2 6 3 5 4
.пошлею
2 6 3 5 4
.пошлея
2 6 3 5 4
.пошлин
2 6 3 5 4
.пошлис
2 6 3 5 4
.пошлит
2 6 3 5 4
.пошло
2 6 3 5 4
.пошло.
2 7 3 6 4
.пошлу
2 6 3 5 4
.пошлы
2 6 3 5 4
.пошляк
2 6 3 5 4
.пошлят
2 6 3 5 4
.пошляч
2 6 3 5 4
.пошм
2 5 3 4 4
.пошп
2 5 3 4 4
.пошт
2 5 3 4 4
дгр
1 4 2
.предли
2 5 4 4 5
дпл
1 4 2
дпр
1 4 2
дст
1 4 2
мпц
1 4 1
.пренебр
2 5 6 4 7
.пресс
2 4 5 5 6
.престиж
2 6 4 5 5
ткнем
2 5 0 4 1
.прешл
2 5 4 4 5
.привк
2 5 4 4 5
.привн
2 5 4 4 5
.привс
2 5 4 4 5
.привх
2 5 4 4 5
.прижг
2 5 4 4 5
.прижж
2 5 4 4 5
.прилг
2 5 4 4 5
.прилгн
1 4 6
.прилж
2 5 4 4 5
.примк
2 5 4 4 5
.примщ
2 5 4 4 5
.приобр
2 5 5 4 6
.приост
2 5 5 4 6
.прирж
2 5 4 4 5
.присч
2 5 4 4 5
.притк
2 5 4 4 5
.приубр
2 5 5 4 6
.приумн
2 5 5 4 6
.приуст
2 5 5 4 6
.причл
2 5 4 4 5
.причм
2 5 4 4 5
.пришл
2 5 4 4 5
.пришп
2 5 4 4 5
.пробл
2 5 4 4 5
.продл
2 5 4 4 5
.прожг
2 5 4 4 5
.прожж
2 5 4 4 5
.прожм
2 5 4 4 5
.прожн
2 5 4 4 5
.прожр
2 5 4 4 5
.прозв
2 5 4 4 5
.прозн
2 5 4 4 5
.прокв
2 5 4 4 5
.прокн
2 5 4 4 5
.промч
2 5 4 4 5
.пропн
2 5 4 4 5
.прорж
2 5 4 4 5
.простл
3 5 4 4 5 4 6
.протк
2 5 4 4 5
.протр
2 5 4 4 5
.прохв
2 5 4 4 5
.прохр
2 5 4 4 5
.прочл
2 5 4 4 5
.прочт
2 5 4 4 5
.прошла.
2 5 4 4 5
.прошло.
2 5 4 4 5
.прошли.
2 5 4 4 5
.прошля
2 5 4 4 5
.прошт
2 5 4 4 5
.пх
1 4 3
.пятидн
2 5 5 4 6
.пятикн
2 5 5 4 6
.пятист
2 5 5 4 6
.пятьюст
2 5 6 4 7
.разобр
2 5 5 4 6
.разовр
2 5 5 4 6
.разогн
2 5 5 4 6
.разогр
2 5 5 4 6
.разодр
2 5 5 4 6
.разожг
2 5 5 4 6
.разожж
2 5 5 4 6
.разожм
2 5 5 4 6
.разозл
2 5 5 4 6
.разолг
2 5 5 4 6
.разомк
2 5 5 4 6
.разомл
2 5 5 4 6
.разомн
2 5 5 4 6
.разопр
2 5 5 4 6
.разорв
2 5 5 4 6
.разосл
2 5 5 4 6
.разосп
2 5 5 4 6
.разост
2 5 5 4 6
.разотк
2 5 5 4 6
.разотр
2 5 5 4 6
.разочл
2 5 5 4 6
.разочт
2 5 5 4 6
.разошл
2 5 5 4 6
.разубр
2 5 5 4 6
.разузн
2 5 5 4 6
йгр
2 5 1 4 2
тодром.
2 5 2 4 3
рсм
1 4 1
.раскв
2 5 4 6 5
.раскоп
2 6 3 5 4
спн
1 4 2
.рассв
1 4 5
.рассп
1 4 5
.расср
1 4 5
схв
1 4 2
схн
1 4 2
сшв
1 4 2
сшл
1 4 2
ффл
1 4 2
.регр
2 5 3 4 4
.рекре
2 5 3 4 4
нтг
1 4 1
.репр
2 5 3 4 4
скрипт
2 5 0 4 1
истать
2 4 1 5 2
рстать
2 4 1 5 2
.родосл
2 5 5 4 6
.родохр
2 5 5 4 6
.росст
1 4 5
.рукобл
2 5 5 4 6
.рь
1 8 3
.самозв
2 5 5 4 6
.самокл
2 5 5 4 6
.самокр
2 5 5 4 6
.самомн
2 5 5 4 6
.самопл
2 5 5 4 6
.самопр
2 5 5 4 6
.самосв
2 5 5 4 6
.самоск
2 5 5 4 6
.самосм
2 5 5 4 6
.самосп
2 5 5 4 6
.самотк
2 5 5 4 6
.самотр
2 5 5 4 6
.самохв
2 5 5 4 6
.сберкн
2 5 5 6 6
.сб
1 8 3
рчк
1 4 1
.сг
1 8 3
.седобр
2 5 5 4 6
.седовл
2 5 5 4 6
.семидн
2 5 5 4 6
.семист
2 5 5 4 6
.семьюст
2 5 6 4 7
.семявх
2 5 5 4 6
.семяпр
2 5 5 4 6
.сеногн
2 5 5 4 6
.сеност
2 5 5 4 6
тль
1 8 0
грив
2 5 0 4 1
рзс
1 4 1
лкш
1 4 1
.см
1 8 3
.словобл
2 5 6 4 7
.словопр
2 5 6 4 7
.сниск
2 5 4 4 5
.снисх
2 5 4 4 5
.соблю
2 5 3 4 4
.совп
2 5 3 4 4
.содв
2 5 3 4 4
.сожг
2 5 3 4 4
.сожж
2 5 3 4 4
.созд
2 5 3 4 4
.солж
2 5 3 4 4
лнц
1 4 1
.сомч
2 5 3 4 4
.сообр
2 5 4 4 5
бщн
1 4 1
.соплод
2 5 3 4 4
.соскоб
2 5 3 4 4
.соскок
2 5 3 4 4
.соскоч
2 5 3 4 4
.сосне
2 5 3 4 4
.сосне.
2 6 3 5 4
.сосни
2 5 3 4 4
.сосну
2 5 3 4 4
.сосну.
2 6 3 5 4
.состр
1 4 5
.сотк
2 5 3 4 4
.сотка.
2 6 3 5 4
.соткам
2 6 3 5 4
.сотках
2 6 3 5 4
.сотке.
2 6 3 5 4
.сотки.
2 6 3 5 4
.сотко
2 6 3 5 4
.сотку.
2 6 3 5 4
.сотл
2 5 3 4 4
.сотр
2 5 3 4 4
.сохр
2 5 3 4 4
.соцст
1 6 6
.сочл
2 5 3 4 4
.сочт
2 5 3 4 4
.сошл
2 5 3 4 4
цшк
1 4 2
.сподв
2 5 4 4 5
.спозн
2 5 4 4 5
лзс
1 4 1
ртз
1 4 1
тсм
1 4 2
.стодн
2 5 4 4 5
лбч
1 4 1
бпр
1 4 2
сброд
3 5 0 4 1 4 2
.суперст
1 4 8
.сх
1 8 3
нцз
1 4 1
нцк
1 4 1
цкл
1 4 2
кст
1 4 1
.телест
2 5 5 4 6
.телогр
2 5 5 4 6
тембр
2 4 3 5 4
.теобр
2 5 4 4 5
фдр
1 4 2
.тлетв
2 5 4 4 5
толст
2 4 3 5 4
ргп
1 4 1
гпр
1 4 2
ркр
1 4 2
.травосм
2 5 6 4 7
трамбл
2 4 4 5 5
.трансл
2 4 5 5 6
.трансп
2 4 5 5 6
нсс
1 4 1
.трансф
2 4 5 5 6
трезвл
2 4 4 5 5
.трезвон
2 5 4 4 5
.трезву
2 5 4 4 5
.трекл
2 5 4 4 5
.тремяст
2 5 6 4 7
хчл
1 4 2
.трибр
2 5 4 4 5
.трикл
2 5 4 4 5
.трипл
2 5 4 4 5
.трипт
2 5 4 4 5
.трист
2 5 4 4 5
.троебр
2 5 5 4 6
дшк
1 4 2
ппн
1 4 1
тундр
2 4 3 5 4
.тщесл
2 5 4 4 5
.убл
1 4 3
.убр
1 4 3
.убрус
1 5 3
.увл
1 4 3
.увр
1 4 3
.углежж
2 5 5 4 6
.углуб
1 4 3
.угн
1 4 3
.угр
1 4 3
.угри.
1 5 3
.угрю
1 5 3
.угре.
1 5 3
.угрем
1 5 3
.угрен
1 5 3
.угря
1 5 3
.удв
1 4 3
.ужм
1 4 3
.ужн
1 4 3
.ужр
1 4 3
.узн
1 4 3
.узр
1 4 3
.укл
1 4 3
.укр
1 4 3
.укроп
1 5 3
ультра
2 4 3 5 4
мбрск
1 4 1
.умозр
2 5 4 4 5
.умр
1 4 3
.умст
1 4 3
.умч
1 4 3
.упл
1 4 3
.употр
2 5 4 4 5
.упр
1 4 3
.упраж
1 5 3
.усв
1 4 3
.уск
1 4 3
.усл
1 4 3
.усм
1 4 3
.усн
1 4 3
.усп
1 4 3
.устави
1 4 3
.уставл
1 4 3
.уставь
1 4 3
.уставя
1 4 3
.устаи
1 4 3
.устано
1 4 3
.устар
1 4 3
.устел
1 4 3
.устил
1 4 3
.устл
1 4 4
.усто
1 4 3
.устра
1 4 4
.устре
1 4 4
.устро
1 4 4
.устру
1 4 4
.усту
1 4 3
.усты
1 4 3
.устю
1 4 3
.усч
1 4 3
.утвер
1 4 3
.уткав
1 4 3
.уткал
1 4 3
.уткан
1 4 3
.уткат
1 4 3
.утке
1 4 3
.утке.
1 5 3
.утки
1 4 3
.утки.
1 5 3
.уткн
1 4 3
.утку
1 4 3
.утку.
1 5 3
.утр
1 4 3
.утра.
1 5 3
.утре.
1 5 3
.утрен
1 5 3
.утро.
1 5 3
.утроб
1 5 3
.утром
1 5 3
.утру.
1 5 3
.ухв
1 4 3
.ухл
1 4 3
.ухм
1 4 3
.учл
1 4 3
.учт
1 4 3
.учтив
1 5 3
.ушв
1 4 3
.ушл
1 4 3
.ушт
1 4 3
.уязвл
2 4 4 5 5
гшт
1 4 2
.фокст
2 4 4 5 5
.фотопл
2 5 5 4 6
.фотосн
2 5 5 4 6
.фотохр
2 5 5 4 6
нкм
1 4 1
нкск
1 6 1
пласт
2 5 0 4 1
.фь
1 8 3
джр
1 4 1
.хлебосд
2 5 6 4 7
лмк
1 4 1
лмл
1 4 1
.хризопр
2 5 6 4 7
.хризост
2 5 6 4 7
.царедв
2 5 5 4 6
центр
2 4 3 5 4
.часосл
2 5 5 4 6
.черносл
2 5 6 4 7
.чх
1 8 3
.чь
1 8 3
хтн
1 4 1
пряд
2 5 0 4 1
шерст
2 4 3 5 4
шерстк
2 4 3 6 4
.шизофр
2 5 5 4 6
потреб
2 5 2 4 3
.шк
1 8 3
рмтр
3 4 1 5 2 4 3
.шт
1 8 3
.шь
1 8 3
вгл
1 4 2
мпс
1 4 1
.экс
1 4 3
.экск
1 7 4
.эксп
1 7 4
.экстр
2 7 4 4 5
рцг
1 4 1
.явст
1 4 3
гдт
1 4 1
хтс
1 4 1
.вознагр
2 5 6 4 7
.осв
1 4 3
.предисл
2 5 6 4 7
.хь
1 8 3
джонст
2 4 4 5 5
дхв
1 4 2
дтв
1 4 2
ржд
1 4 1
.осозн
2 5 4 4 5
.собл
2 5 3 4 4
.наглад
2 5 3 4 4
.наглаж
2 5 3 4 4
.наглаз
2 5 3 4 4
.наглу
2 5 3 4 4
.наглую
2 6 3 5 4
.нагля
2 5 3 4 4
.злоупотр
2 5 7 4 8
йств
1 4 1
.сверх
1 4 5
.предпочт
2 5 7 4 8
изошл
2 5 3 4 4
нств
1 4 1
.предост
2 5 6 4 7
.неогр
2 5 4 4 5
бств
1 4 1
домостр
2 5 4 4 6
подорв
2 5 4 4 5
вств
1 4 1
ззр
1 4 2
дств
1 4 1
ьств
1 4 1
.второст
2 5 6 4 7
.первосв
2 5 6 4 7
.антитр
2 5 5 4 6
штадт
2 5 0 4 1
.вовсе.
2 5 3 4 4
.вопли.
2 6 3 5 4
.вопле.
2 6 3 5 4
.воплей.
2 6 3 5 4
.вопля
2 6 3 5 4
.воплю
2 6 3 5 4
.благосл
2 5 6 4 7
.благотв
2 5 6 4 7
скверн
1 6 2
знач
2 3 0 4 1
черпн
2 4 3 5 4
изорж
2 5 3 4 4
тмст
1 4 2
.никто
2 5 3 4 4
.противост
2 5 8 6 9
.землетр
2 5 6 4 7
.землепр
2 5 6 4 7
.вое
1 4 4
.воо
1 4 4
.вою
1 4 3
.всео
1 4 5
.всеу
1 4 5
.всея
1 4 5
.дое
1 4 4
.дои
1 4 4
.доо
1 4 4
.доу
1 4 4
.доя
1 4 4
.заа
1 4 4
.зае
1 4 4
.заи
1 4 4
.зао
1 4 4
.заю
1 4 4
.зая
1 4 4
.нае
1 4 4
.наивы
2 4 3 5 4
.наизу
2 4 3 5 4
.наилу
2 4 3 5 4
.наиме
2 4 3 5 4
.наипа
2 4 3 5 4
.наити
2 4 3 5 4
.наиху
2 4 3 5 4
.нао
1 4 4
.нау
1 4 4
.ная
1 4 4
.неи
1 4 4
.нео
1 4 4
.неоге
2 4 3 5 4
.неозо
2 4 3 5 4
.неоли
2 4 3 5 4
.неоло
2 4 3 5 4
.неона
2 4 3 5 4
.неоплаз
2 4 3 5 4
.неоре
2 4 3 5 4
.неоте
2 4 3 5 4
.неофа
2 4 3 5 4
.неофи
2 4 3 5 4
.неоцер
2 4 3 5 4
.неу
1 4 4
.нея
1 4 4
.пое
1 4 4
.пои
1 4 4
.поо
1 4 4
.поу
1 4 4
.поэ
1 4 4
.пою
1 4 4
.поя
1 4 4
.переа
1 4 6
.перее
1 4 6
.переи
1 4 6
.перео
1 4 6
.переу
1 4 6
.перея
1 4 6
.прее
1 4 5
.преи
1 4 5
.преу
1 4 5
.прею
1 4 5
.прие
1 4 5
.прии
1 4 5
.прио
1 4 5
.приу
1 6 5
.прию
1 4 5
.прия
1 4 5
.прое
1 4 5
.прои
1 4 5
.проо
1 4 5
.проу
1 4 5
.проя
1 4 5
.сое
1 4 4
.сои
1 4 4
.соо
1 4 4
.сою
1 4 4
.соу
1 4 4
.био
2 4 3 5 4
.гео
2 4 3 5 4
.крио
2 4 4 5 5
.видео
2 4 5 5 6
.аудио
2 4 5 5 6
.ноо
2 4 3 5 4
.палео
2 4 5 5 6
.палеоа
1 4 7
.архео
2 4 5 5 6
.кардио
2 4 6 5 7
.мио
2 4 3 5 4
.миом
2 5 3 6 4
.арео
2 4 4 5 5
.гомео
2 4 5 5 6
.идео
2 4 4 5 5
.креодо
2 4 4 5 5
.креозо
2 4 4 5 5
.марео
2 4 5 5 6
.мимео
2 4 5 5 6
.олео
2 4 4 5 5
.остео
2 4 5 5 6
.плео
2 4 4 5 5
.рео
2 4 3 5 4
.спелео
2 4 6 5 7
.стерео
2 4 6 5 7
.тахео
2 4 5 5 6
.трахео
2 4 6 5 7
.телео
2 4 5 5 6
.тео
2 4 3 5 4
.теор
1 5 3
.хорео
2 4 5 5 6
.агио
2 4 4 5 5
.ангио
2 4 5 5 6
.антибио
2 4 7 5 8
.библио
2 4 6 5 7
.брахио
2 4 6 5 7
.варио
2 4 5 5 6
.гелио
2 4 5 5 6
.гляцио
2 4 6 5 7
.идиобл
3 4 4 5 5 4 6
.идиопл
3 4 4 5 5 4 6
.идиоле
2 4 4 5 5
.идиоси
2 4 4 5 5
.мелио
2 4 5 5 6
.миссио
2 4 6 5 7
.нацио
2 4 5 5 6
.плио
2 4 4 5 5
.плезио
2 4 6 5 7
.плювио
2 4 6 5 7
.радио
2 4 5 5 6
.тио
2 4 3 5 4
.физио
2 4 5 5 6
.эмбрио
2 4 6 5 7
.абст
2 4 3 5 4
.авиа
2 4 4 5 5
.автопл
2 5 5 4 6
.агно
1 4 3
.акрост
2 5 5 4 6
.альплаг
2 4 4 5 5
.анаст
2 3 4 4 5
.анест
2 3 4 4 5
.апла
1 4 3
.апосп
2 5 4 4 5
.медиа
2 4 5 5 6
.артобс
2 4 3 5 4
.археорн
2 7 5 8 6
.атро
1 4 3
.боев
2 4 3 5 4
.боег
2 4 3 5 4
.боез
2 4 3 5 4
.боеп
2 4 3 5 4
.бомбл
2 4 4 5 5
.брио
2 4 4 5 5
.варитр
2 5 5 4 6
.вдост
2 5 4 4 5
.велодр
2 5 5 4 6
.вепр
2 6 3 7 4
.верхогл
2 5 6 4 7
.вибротр
2 5 6 4 7
.внеур
1 4 5
.воев
2 4 3 5 4
.георг
2 7 3 6 4
оок
1 2 2
.голобр
2 5 5 4 6
горбл
2 6 3 7 4
.горност
2 5 6 4 7
.двоек.
2 5 4 6 5
.двоечн
2 5 4 6 5
.двугр
2 5 4 4 5
.двуе
1 4 5
.двуо
1 4 5
.двуя
1 4 5
ейтр
2 6 2 6 3
деклар
2 6 2 5 3
.декрем
2 5 3 4 4
.декрещ
2 5 3 4 4
.диагн
1 5 3
.дикобр
2 5 5 4 6
.диэ
1 4 4
стлав.
1 4 2
.душегр
2 5 5 4 6
.душепр
2 5 5 4 6
.живогл
2 5 5 4 6
.замкн
2 5 3 4 4
сквож
1 4 2
сквоз
1 4 2
.зерноск
2 5 6 4 7
.зерноя
2 5 6 4 7
.злое
1 4 5
.злоя
1 4 5
.змее
2 4 4 5 5
.змеевк
2 5 4 6 5
.змеей
2 5 4 6 5
.змеек
2 5 4 6 5
.змееч
2 5 4 6 5
.змеенк
2 5 4 6 5
.змеею
2 5 4 6 5
.изнач
1 7 3
.изостр
1 6 4
.иноя
1 4 5
.испор
1 5 3
паспорт
2 4 2 5 3
.киноате
1 4 6
.кинооч
1 4 6
.кинопл
2 5 5 4 6
гс.
1 8 0
компью
2 5 3 8 5
состав
2 5 2 4 3
.конъ
1 8 3
.крае
1 4 4
.краем.
1 5 4
.краев.
1 5 4
.краешк
1 5 4
.лемниск
2 5 6 4 7
.лицезр
2 5 5 4 6
уборк
1 4 1
.макросп
2 5 6 4 7
имущ
1 4 1
ркг
1 4 2
.мелодр
2 5 5 4 6
оос
1 2 2
.монопл
2 5 5 4 6
.навз
1 4 3
.надогн
2 5 5 4 6
.надодр
2 5 5 4 6
.надоу
1 4 6
ъю
1 4 2
.нажж
2 5 3 4 4
.нажн
2 5 3 4 4
.нажр
2 5 3 4 4
.наибол
2 6 3 7 4
.накв
2 5 3 4 4
.намн
2 5 3 4 4
.напх
2 5 3 4 4
.насб
2 5 3 4 4
.насш
2 5 3 4 4
.нахв
2 5 3 4 4
.нашп
2 5 3 4 4
.негде
2 5 3 4 4
.ниспа
2 7 3 6 4
.нишкн
2 7 3 6 4
.обсч
1 4 4
.огнеу
1 4 6
.одночл
2 5 5 4 6
.околоу
1 4 7
.оплес
1 4 3
.оргр
2 6 3 7 4
.орфоэ
1 4 6
тбл
1 4 2
ткв
1 4 2
.отосп
2 5 4 4 5
.пеност
2 5 5 4 6
первоя
1 4 6
.передв
2 5 5 4 6
.пережж
2 5 5 4 6
.пересч
2 5 5 4 6
.перечл
2 5 5 4 6
.пиоде
1 4 3
.плавсост
2 5 7 4 8
.плагиокл
2 4 6 5 7
.подос
2 4 3 5 4
.подот
2 4 3 5 4
.подут
2 4 3 5 4
.подуч
2 4 3 5 4
.подущ
2 4 3 5 4
.подшв
2 5 4 4 5
.подшл
2 5 4 4 5
.подшп
2 5 4 4 5
.позабр
2 5 5 4 6
.позавч
2 5 5 4 6
.поизотр
2 5 6 4 7
.полиэ
1 4 6
.полубр
2 5 5 4 6
.полуи
1 4 6
.полуо
1 4 6
.полуотвер
1 4 7
.полуу
1 4 6
.понае
1 4 6
.понажм
2 5 5 4 6
.понапр
2 5 5 4 6
.понасл
2 5 5 4 6
.пообожд
2 5 6 4 7
.оод
1 4 3
.поосте
1 4 5
.поосты
1 4 5
.постн
1 6 3
.постп
1 6 3
.постф
1 6 3
.праправн
2 5 7 4 8
.преа
1 4 5
.прео
1 4 5
двз
1 4 2
пресса
2 5 4 6 5
прессе
2 5 4 6 5
пресси
2 5 4 6 5
прессу
2 5 4 6 5
прессо
2 5 4 6 5
прессы
2 5 4 6 5
сшп
1 4 2
.примс
2 5 4 4 5
.пристр
1 4 6
.пришв
2 5 4 4 5
.проа
1 4 5
.прожд
2 5 4 4 5
.пронж
2 5 4 4 5
.пронз
2 5 4 4 5
рв.
1 8 0
фшк
1 4 2
.прохн
2 5 4 4 5
.прошв
2 5 4 4 5
.путепр
2 5 5 4 6
.радиоа
1 4 7
.радиосв
1 4 7
.разостл
1 4 7
.рейхсв
2 4 5 5 6
.рейхср
2 4 5 5 6
.рейхст
2 4 5 5 6
.рекост
2 5 5 4 6
.рекру
2 5 3 4 4
экспор
2 6 2 7 3
.рифмопл
2 5 6 4 7
стб
1 4 1
.рудозн
2 5 5 4 6
.рудосп
2 5 5 4 6
.рукоя
1 4 6
.рыбозм
2 5 5 4 6
.рыбоя
1 4 6
.самоа
1 4 6
.самоо
1 4 6
.самоу
1 4 6
.сд
1 8 3
.сеноу
1 4 6
.скиа
1 4 4
оеж
1 2 2
.совнар
2 6 3 5 4
ооб
1 2 2
ооп
1 2 2
оор
1 2 2
оот
1 2 2
.соскуч
2 5 3 4 4
.сосч
2 5 3 4 4
оус
1 2 2
.социо
1 4 5
пьян
1 4 2
.стихопл
2 5 6 4 7
.субар
3 4 3 5 4 4 5
оэк
1 2 2
.сухогр
2 5 5 4 6
.сухофр
2 5 5 4 6
кс.
1 8 0
язвл
2 4 2 5 3
.танкодр
2 5 6 4 7
еат
1 2 2
.троеб
2 4 4 5 5
.трубост
2 5 6 4 7
скш
1 4 1
аив
1 2 2
.уед
1 4 3
.уел
1 4 3
.уем
1 4 3
.уех
1 4 3
.утрам.
1 5 3
.утрах.
1 5 3
.утреч
1 5 3
.утреш
1 5 3
.ферросп
2 5 6 4 7
.феррохр
2 5 6 4 7
оат
1 2 2
еуб
1 2 2
.циклодр
2 5 6 4 7
.чаехл
2 4 3 5 4
.чернокл
2 5 6 4 7
.шп
1 8 3
.экзост
2 5 5 4 6
дшп
1 4 2
.эпигл
2 5 4 4 5
диаск
1 4 2
.эпикр
2 5 4 4 5
.эсква
1 4 4
.этиол
1 4 4
.яйцекл
2 5 5 4 6
